1428
-8954
6674
949
-2567
335
7172
5495
-9943
4698
4831
-1950
6217
9246
9519
-3026
-8609
2178
7712
7216
-3231
-9053
-2939
-8213
-7408
-3193
-2638
-340
8442
400
-7605
3590
5167
-7211
-5462
-7401
3125
-4569
-8185
6903
-9872
6646
-5048
6346
5891
-5530
-2960
7282
-9632
-5249
4498
-2862
-4301
-4721
-1075
2012
2086
6287
-4608
4248
407
-2213
-2163
-4426
577
6097
1894
-2578
-4752
3709
-5676
-4624
354
2997
-4558
-3756
7468
2483
-2753
7836
-9046
-4535
-1306
374
4465
7619
-7614
-3450
7626
-2222
-5481
-1967
9287
6077
3607
3584
2173
-779
-8995
7421
-7070
-950
-3482
3284
-7954
5681
-6751
-6766
-1837
4217
-5209
2839
9682
3485
-6788
4146
4825
-4402
-5584
2450
7098
2656
-9518
6384
-1267
7810
3688
-5374
-2969
8414
-4232
-39
1184
6007
-3035
3230
1687
214
-9815
-6429
-1849
-1303
6410
-2168
-7819
9622
-4302
-9274
-1059
3836
3177
-3962
-3509
7380
-3858
8945
5190
-6450
-2708
-4059
-8037
3060
9623
3147
2787
-3413
97
-5527
-9478
282
-1956
-1327
-7301
-5547
-9774
-1398
-2204
-4076
-672
6737
-6520
-7496
-3505
-28
9885
6358
2637
8795
-6372
9929
-5265
-4409
2988
-5643
-7542
-4226
4665
6276
3969
5187
279
-7988
-6140
2978
187
-2193
-8421
-8297
3731
908
-7840
7212
7133
2376
904
7017
2454
-6460
5811
6082
-6531
-5734
-4607
-9823
2344
1572
-327
-2991
-2153
-6359
-7805
8126
-626
-224
4825
-6719
7583
6404
-5016
5035
1032
-2856
5967
-1835
9520
-3130
-4819
5694
4131
-5287
1775
7600
2700
7168
-8502
-4956
2460
1171
2053
-9693
8533
4248
-7847
1627
-2255
6978
4909
-952
3382
9893
-5918
-5587
758
-9952
6299
3998
639
-4799
-308
-5230
-86
-4813
-3910
-3666
-7645
-2412
1378
8536
-7521
-6570
8843
-5268
-8601
-9004
6360
2865
-8306
1268
-8088
5076
4881
-4005
-6790
-641
-236
-6771
-2922
-9597
-1570
6770
-1106
-7936
-8044
8705
-1601
-1968
14
9777
-3432
2493
-6793
-869
-9054
-1673
3848
7306
-8809
5543
2294
-6897
618
895
2819
7549
-6025
-7417
-9222
1053
-3293
2929
1543
9322
4994
7220
8026
-6608
-4748
-1961
-6832
5541
-5747
96
-1608
-4801
-7857
-7760
-3775
-6666
7783
-7761
159
2121
3134
-7023
3391
7109
-719
4169
1882
9709
818
-6576
9030
-4189
-9356
-9224
-797
-383
-1185
6093
-1122
3068
-91
7270
-8013
2053
9510
-1788
9108
7292
451
-734
-587
-2694
5965
-7197
-1865
-1034
-9308
-9983
-1325
1510
-2838
1425
-8958
-2194
2201
3966
-8857
-8984
58
21
7805
-6312
-2709
9793
9462
-3200
1725
-7711
-2187
-7824
5277
7226
3203
1241
-6251
-8663
-6073
-1838
-8646
2602
9672
-1483
-2252
-9287
-9957
9949
4680
-5092
-5315
-1542
4929
-7510
5867
-4060
-3997
5328
6462
7728
-8662
-5726
-6376
6615
-4780
6827
1576
-1031
8165
5503
-9149
-6761
1826
-9478
5477
9574
-5043
9242
9522
-6643
-5851
-5793
5536
-7202
418
5124
-1261
-9859
4172
-4800
-8411
5510
-526
-1065
2124
8415
-4239
-6301
1104
-2354
9203
1955
4607
1028
2477
3804
601
-8846
6766
3843
-1768
-9086
-8230
-2511
-6287
5909
-7388
6173
6050
6784
-8628
7640
2294
4567
-3426
-5583
2981
6056
1838
-5916
-2577
4761
6039
-4250
-4212
2236
9554
-9891
7112
6320
7673
-4657
-9046
9444
2832
-1612
5352
9165
-5440
5123
5949
-347
2762
-1758
-5781
-6944
6380
-9080
-7168
-1783
-1275
3976
-7023
-5237
9726
2486
-9280
-7000
6316
7832
-6960
7710
-3105
-2285
7153
-6552
9825
6225
-7388
-5616
1347
8561
7759
-2171
523
-4302
4606
-3097
-3381
-8841
8841
5344
5135
-4461
-6172
8582
-8255
-5452
-4698
-8218
-3900
2063
9492
2995
-6502
-9636
6443
-6678
6589
9056
1428
1657
7616
-814
-6794
1860
4884
7813
8763
-4777
-7308
-8677
-5712
7827
-3138
-1884
-9872
2329
6385
-849
4111
-7516
-8787
3602
5479
-5288
7687
1922
1755
4275
977
-6818
-348
2313
2368
2859
-5828
973
4392
-3345
6196
7084
-2021
-5796
8631
8562
2320
-7520
4611
-1296
1631
-1279
1188
6566
-3957
-3333
-5002
-6271
-7691
6753
-8275
7007
-6344
1377
-681
9745
-2044
7213
717
-3932
-2412
634
-3128
5567
4838
-776
7850
879
1704
2460
9583
-2945
-5098
4492
-6380
945
-5121
-1382
4675
-2812
-908
-9880
-5806
2748
1497
7234
2492
-6826
4446
-3070
2963
-7966
-8716
9836
-8679
6122
-941
-7109
-3000
-5517
9073
304
1538
-6026
-5205
5159
8640
-326
-2503
7035
-9418
-9691
7155
-5224
3057
2373
-7991
-730
9268
-9824
9921
2230
-4069
-8796
2065
973
7326
-5156
7586
-1953
-673
6658
-7929
-9135
-5648
587
9745
-7009
-9740
962
-6253
-9158
1272
-9099
-661
-1951
6995
5069
-8961
6262
8966
-9041
-1508
-1383
-7837
-9444
9591
-6790
-878
-9104
4978
8449
7554
7049
-6966
-4374
-2365
-3501
2338
1616
-8818
6085
6179
6175
6987
-762
-2056
3981
-5694
-1016
3964
-3007
3664
-7545
5610
9549
-3268
8921
-3521
5854
9817
-4823
8024
-8910
-4054
-5222
-3284
7302
1278
9055
-1083
6181
8860
-1184
2355
5846
8054
-9702
3548
-3920
3003
-2489
3073
-3333
3687
2404
-64
-9582
1324
-9865
6273
4862
-4688
8017
5952
1258
-7206
-3611
-1441
7793
-836
7476
3973
-1977
12
48
-6131
1786
347
-8863
7866
-2930
2369
4660
7458
-3945
-2937
-2607
-3527
-7893
-2472
-3534
6969
2840
-1797
2921
-5903
998
-6970
6377
2511
2194
7573
-3516
-9784
-2416
6532
-2194
9370
599
2664
-9044
7670
-4968
5616
5127
4808
-3601
-3759
-4998
-1494
3769
1468
-4525
330
9672
-7884
8148
4390
-4854
4525
-3100
-8940
2097
7105
-8724
-6598
7358
2804
-3508
-2044
-4533
-2552
-654
500
-3216
-5527
-972
3183
714
4030
-8311
-1797
-781
-2836
-7747
2611
3001
-5878
-3000
-8133
8647
7621
-7073
4464
4726
-2076
-8414
2083
-9273
-1921
-6241
-3805
9248
3106
-9585
-3968
-8701
-557
9215
5734
-6527
-9097
-2343
2692
1788
-89
-977
-1491
4033
6023
376
6400
7364
3303
4584
2089
-8773
6171
-2108
-4325
-2030
5373
1870
-2783
-1522
2285
3249
-223
-4551
6185
-769
2643
7088
6888
-945
2597
-3202
8078
-8895
-5449
4100
1482
-5329
5184
-1495
9256
-2727
3453
9147
