594
659
-889
-170
410
112
-251
583
-760
-679
-718
647
-543
638
-904
-16
432
-795
-865
239
-976
-749
-337
5
-831
34
-66
-447
-781
-936
687
813
723
355
-358
133
-534
-52
-728
-736
270
-889
911
727
750
565
-733
181
770
-597
-581
795
-346
-360
-644
-620
674
-153
-510
450
-89
-824
262
-366
532
461
324
555
-591
596
819
679
707
287
-38
456
-149
229
-807
-380
189
-387
972
400
-190
885
338
-960
-268
828
490
643
562
-692
834
-350
326
157
-796
735
-248
581
-30
-984
-133
489
472
275
-725
223
895
464
836
424
-579
-798
308
759
-758
597
586
289
240
-296
154
-370
354
-521
788
116
772
-904
-747
-702
-888
-323
788
142
952
620
-636
403
83
757
-617
504
516
692
-181
315
-155
963
-397
642
-334
757
-728
578
793
617
-750
564
270
-497
863
383
180
207
-919
-312
-174
-998
-910
466
316
-526
-473
-169
723
346
-855
-433
308
-695
-791
532
619
-962
109
411
212
359
-468
-519
419
-606
421
-845
601
502
