-24743
-18568
-26161
-14706
-36545
32103
-36147
-36413
-13483
-3484
-29345
-37748
15756
31337
6231
-14680
-5093
43217
29798
11331
-540
-36162
-43101
-5949
41520
20228
26916
14306
29698
-41646
-26654
-7218
27613
35013
28076
41068
-45059
-20245
-7518
-8542
26271
13137
3710
-7974
32300
-2233
27347
15033
-9017
44971
14190
-21730
-3364
21089
-39853
25982
-8684
37063
-9713
8841
-16756
-48540
-10551
-39144
36473
-32476
-10249
41414
-2721
32233
-17128
11377
33196
-25592
-46598
-46678
22176
-31425
-43819
985
1373
20372
-32919
48009
-8540
-22771
-38184
-29397
-35709
2104
-32730
35362
3564
6719
-15955
27863
-37931
23796
-42898
9348
43855
27801
8551
-35124
-47791
11954
-31802
-37789
-31645
12207
-48978
-42446
-17422
-31896
-44438
-38136
-4667
-32621
20294
47451
-42691
37564
32813
48700
-5718
-33143
-35612
6351
40653
-28510
3526
-27667
49292
-37924
-12791
-10673
-38144
43235
39365
18039
5441
40387
25593
-24155
-41510
-31018
25536
3823
24188
-4170
1274
31497
21220
-15914
-31978
-34498
943
-17590
-40321
29422
3900
-48969
-10419
41018
-36892
26790
18171
12791
-42150
7535
18656
-48883
-2078
-5751
14789
6412
-48943
-9675
-39765
25245
-26019
49336
44568
45201
-16579
-37411
-39298
-27810
-5001
8209
-10562
-13275
9240
29019
-22257
-39826
43635
45914
-39208
-10688
3449
29448
28256
-10803
-26304
-6955
45609
-25247
33370
-6330
-12176
-42650
-6995
-17609
-9623
-35748
-5020
1080
24269
-22195
-2885
-36294
14531
-43646
-19449
-19900
-33471
12013
-23987
15148
-48676
-32712
-5405
29580
6485
-43882
-27376
39921
18698
-6180
-16410
-43478
38997
26596
-11087
-20626
40848
-28280
-31720
15117
-475
15395
-33351
-35945
-40425
-2799
-5845
13931
-40787
-42005
-20922
-1636
13110
23674
15770
-30405
29792
38395
-40485
-1511
20041
-6895
42838
46865
7527
19578
14065
36202
41298
32345
1318
28649
35566
-44207
42705
45141
2994
24686
9072
-49967
-29493
-24024
36224
33618
49650
1994
-8961
-32733
28215
38381
-46417
-1745
19312
46421
32946
-23161
15998
-2990
-36960
45122
17181
-47816
23771
2746
-42023
-45699
35714
48799
-33187
32612
-13342
-12679
-41413
-27118
8765
-41763
24876
49804
13331
3090
-23990
16914
-10829
45322
13335
-27883
-27840
17159
-43047
23027
12281
24135
-36963
-13949
14707
8842
-9648
420
7640
7165
-16969
44298
-17688
-8381
5006
41077
37683
-20119
-21294
1013
32971
4716
5754
9969
37865
-30912
32086
-2149
-25927
-23135
8705
36354
-49001
21742
10231
15707
-19417
-11591
3953
-23951
45575
36985
8174
15713
16430
-36821
44617
41939
-6939
-26678
30778
13858
-34135
-13469
-26174
-8444
43446
-6262
39407
-32481
20604
-1889
-8301
-40571
7680
-48070
-37038
38263
-9661
16916
-35688
23740
3900
22486
27280
8156
-26509
21896
37921
-45622
-16956
18698
18237
36736
-44771
-20111
-21709
-13499
-38546
5525
41847
-30116
-46365
21373
17140
11315
23303
30103
37405
1468
-2982
-10457
13035
-11256
-145
-9686
46900
23346
36
34820
27725
33080
41344
33788
19816
-15601
1503
-14067
20901
12957
41458
-49427
-29333
-17080
21946
37808
44235
33075
17910
-30535
22370
-35073
9008
23231
3671
-41138
-36456
38397
32209
-48594
-38958
47760
34486
-47615
31547
42128
24612
-16951
-21939
33339
-16167
7345
33912
4500
40265
5858
30134
-27674
26759
-1957
-8209
-872
-49204
-49201
-27642
42294
-2512
23729
-31484
17523
25135
-20442
15282
47448
19771
34655
-22599
32209
5531
43289
15547
39364
634
-542
31690
-9102
-6858
11824
-48950
-30099
-2307
-7158
-43145
-1510
31468
17041
-9217
-21045
-9231
47127
-15695
3731
-23316
49587
39005
-15719
34242
-33595
-33511
-10228
-40306
32036
16962
10328
19321
-1349
-10948
289
-1699
-9897
20190
45995
-29229
-35128
32311
-47762
31913
10920
19020
10508
8046
-46676
2065
-27443
-9262
-8931
6838
-25021
45302
-38846
-47423
-45005
-18984
-42635
-46851
-11837
43843
30028
38453
-7856
-29870
46469
25965
-9099
-38660
8275
30966
-18921
-30806
-14
41588
-34933
41137
-6348
-12376
-18126
-27452
-17712
44680
-32151
31269
-14917
-27156
-37715
-7552
13820
38275
-13709
-6153
26727
-33739
-48196
23196
-19948
30532
-27638
38327
49325
3442
-4653
-690
-4971
10414
28273
-23493
-14136
-39853
-945
18153
-45174
16904
37248
27737
-22426
-12641
-29816
-20780
-24366
44302
23068
-47640
-1611
-37302
-36618
28441
43230
-14255
-45407
42554
-22987
-59
29690
22042
-1819
7963
-13625
34046
-44064
35431
40025
-1411
40161
-34902
-23675
5562
2458
34337
34782
28092
28638
45676
-31722
14854
-41627
-18339
-6706
-10570
-44768
-2112
-18017
-17755
-14345
-500
-7887
33836
-4711
28488
-44293
1225
-48256
-16442
49814
41906
-1343
-23861
35294
-48886
-39525
20075
-32968
-23061
-46423
-14690
41793
-38050
-45203
22914
1380
-39971
-29199
-28810
-7726
6456
-41484
-27787
28118
3805
-49299
-28348
-44971
-47555
43037
-7331
-17823
-8307
-43366
5297
30634
4936
-24628
-14508
31876
16776
20803
-38506
28726
25600
34408
17933
-26544
-6965
-23051
-46444
-12683
-14535
-24230
3262
39270
14298
24914
-17875
-45431
17950
-37380
-13253
-2530
-30745
42044
15930
24191
5242
-48578
43893
9844
-39949
-6786
-11430
-26523
15448
-5671
-3067
-41517
-40896
490
33627
-5431
-35914
-13112
21665
28384
-372
-8384
32953
-32422
4236
7526
-47126
23491
37397
18804
35509
30465
-41948
29401
-9691
-31897
10441
-33295
-8419
-24111
11034
38514
-15628
20138
26830
-32002
2533
-21258
42714
12024
-42875
-7659
-46361
40079
47746
45702
35431
-49381
19193
22827
-42750
42528
3292
-34698
-40246
43601
-16594
20196
-39695
-37187
46085
-40835
-10847
-19544
-32871
-34017
36281
19662
-5275
-33180
19512
39678
9162
23151
-32418
6907
-43322
-46988
45354
-36303
-36334
-47397
-43776
16958
-32095
-34021
48385
39138
36175
-3484
-48050
32259
5681
-8896
541
-39364
44914
24648
-31876
27465
41469
37636
-45032
38457
48613
-27450
-4637
-44710
13390
-9284
-31012
27056
-6681
-24788
-5987
49052
29018
30224
38189
15192
-23261
-22034
35277
-29754
-43104
23644
-19118
-48191
36119
-994
-32900
27587
24468
-27931
-46131
23080
32446
-768
28370
-4165
-22225
-14816
-27110
-41080
48224
-45271
-4202
27241
-27221
-16013
30260
-482
49780
15536
-42410
-43325
27007
-11528
-3689
13125
-24696
-48763
28538
49772
-26694
32407
22851
-44248
19465
39048
39414
47240
12058
-37696
-6013
10281
4860
39785
-12478
27640
11598
-32219
14984
11377
-28857
22575
-44122
48150
-1127
2189
11274
24178
3427
-10189
23949
-35441
10044
34627
8138
-20491
-38500
-2448
-23252
23558
47683
-41439
-16161
2542
48347
-40813
-19819
9944
-23032
-17008
-28679
35938
-44434
-22801
34088
4439
-32785
33188
-21384
-41532
10826
-9608
-26973
-29131
12845
31166
378
24345
16544
-35047
35729
14226
-26486
7394
4594
-28140
16581
-27398
31805
-18625
5594
-9048
-32687
11160
18151
-48600
3425
-26808
34588
-30132
-18340
-4587
10260
4688
16283
10931
23680
4487
23102
28050
19440
8830
-7725
42955
-33776
46869
2641
-29369
-30530
-15555
2007
-37110
25397
19320
24050
31375
20720
-22525
-7607
43134
35170
24054
26374
-4571
16568
30483
-5814
28074
-15031
-32713
6123
-7764
-36057
48398
-14810
17994
-16908
37831
38626
40390
10103
28459
-46721
23326
-2222
-34844
42527
6324
30458
-15080
37284
15627
-41027
13657
-38945
-36633
-5861
43068
41441
-33065
-1819
-2437
9171
12124
33787
44361
17945
-33122
-29983
6570
-42733
-32054
22855
-1626
41273
-29368
13530
33799
26956
-6013
6545
14239
-40387
-46656
15723
8495
-33289
-40139
39389
-41849
14623
-12431
5714
-26207
49693
27327
5980
-44537
44206
-36176
49860
-10701
-18230
22714
-24501
10869
43346
39029
-5332
-41873
20842
-10961
-39807
30455
-7616
25916
26776
9095
-26397
16164
17247
38227
-46268
10787
-154
-8748
-11886
-44174
-3285
20146
-30350
-3425
-2729
1420
7115
22771
-37711
461
49626
44784
46415
20468
-16178
-43393
38749
-35968
32523
15525
23128
-6047
19515
28201
20006
23248
26814
-30149
2326
-35073
-24323
-13133
-27101
33154
-28732
20171
22401
28384
30768
-27484
-21156
30393
5126
-24742
860
38948
19693
-10391
-9193
40042
-7040
-36066
-16006
301
42135
-46001
-26452
18948
-26149
-36300
-28298
37355
568
32428
20509
21836
40425
-7091
219
21192
-46749
-33111
1585
8377
29975
-9729
35151
-333
-32294
-24043
-10292
48493
-10109
-38471
-1206
19852
3355
-39832
26627
-34968
-26131
-13845
-47613
-37737
-31418
-39278
-28075
-40993
41458
-40029
-31975
44709
14687
19610
3085
-5339
-2292
-11765
-17846
-46760
-47981
21863
-48267
29737
-28782
527
-411
24573
48522
-23785
39606
10217
-49804
-20181
22480
-31222
-9459
-17768
15612
-18002
-7797
33638
14533
-43111
41074
5444
39378
-11219
-18495
-28469
-7978
-16476
-18780
31582
-36739
2438
19935
-49324
14838
18456
-23109
4443
-21327
-22913
34262
-11021
33692
12629
21211
-696
-17547
-36587
-17059
46986
8130
-25986
40256
-2493
-49378
-28240
19038
30471
5285
-49742
12052
-43628
40523
19813
-42952
5360
-11732
21766
-2371
-45233
-13321
19717
-6253
-29630
-17655
-35043
-42500
-47376
16198
28268
-12564
-25673
-9891
-22309
-40340
-9269
-548
28698
9028
-7437
-33218
8906
36762
-4868
-21282
43810
-49509
-45188
-46599
35948
-40420
-9920
5664
3327
48277
-24164
-43890
-6396
-21540
-39866
-28129
15897
22288
11980
-18586
31948
-9463
-31308
48473
49565
11255
3081
8470
35843
48213
-24986
-32522
-13469
-20173
-29121
-27522
-10593
48786
-34032
-19440
47063
-8196
24497
28493
-41909
34632
-49637
-38186
6919
12344
-6772
26694
-9293
11921
-37008
-9728
11002
16073
-13432
-3155
-47888
11583
-47851
-11357
-20764
-26971
48948
18643
-28186
-35085
-12971
6703
44547
-38475
-14805
-47363
-16017
23386
2278
-21271
23556
45506
-6751
-35738
45253
6241
4534
6255
-27687
-21071
-9074
-25575
-21662
-6925
-49106
7574
-46070
49842
14043
-24255
2584
-48929
-29726
34957
423
43297
-24580
-27767
16682
27698
962
-9763
-38971
44211
4499
-43718
451
-3140
-49637
-39410
25789
-8711
22843
-45874
-27810
23737
49527
-23879
-38595
13569
39693
-48185
14640
-2207
36772
2889
-8911
18
25122
-4403
-22285
13910
35834
-11256
8120
28160
32853
-3603
12846
33216
44815
26461
-25496
17657
30587
34522
29220
-32061
-39358
-21549
31508
-11839
-19734
33974
35954
4864
-13138
14870
-7292
-38016
-39534
20423
25894
-15873
-3006
21841
-37714
-20154
6064
-37042
-36938
878
39419
25393
6361
-42169
47741
-14419
-24230
-41618
-48142
-42723
34370
19952
41251
20324
12642
-21888
-14807
-44650
27923
33486
-36401
41644
-32388
10593
-48690
17725
-21734
45201
-31491
29155
-3921
-42073
42374
-9734
-34242
40115
-36327
-8472
-13677
-34468
36632
-29307
35484
27882
-21157
35952
-6179
-48138
41302
9570
35348
-45099
39040
-9213
-46680
40350
-3662
-18414
35551
14848
-1433
19456
22775
-9059
-40279
-23640
-18945
11222
17888
17378
26754
42347
-24103
-49937
-41946
4740
36015
1875
6602
-34857
-728
29777
-29956
-11689
-29437
11191
16488
16901
-19396
39865
-18252
29171
47147
-7650
7938
-5306
18710
38993
-44085
24424
44198
-29505
16770
7921
-29442
24825
-37339
-5600
14526
19263
9543
-36203
-961
-32587
39936
-42572
28604
44250
-37844
-2966
-28060
31731
-23795
-30914
-25920
-28031
-48394
-19384
-39038
-42478
-44960
-7014
-21983
-40364
-49094
36403
34461
1394
-19198
36814
8484
-21829
-11563
-42478
-4416
16199
2778
12014
10448
14934
-40952
-29786
-3336
23080
-10700
-41429
45049
-9093
-10813
-6163
36256
32054
-25351
2099
41691
13383
-11499
-36023
-35224
-42871
-11383
23260
-14700
27055
-31391
30884
-6747
21387
30725
-8472
24147
-22401
11742
-29190
-11495
-11131
17208
21380
-32398
-43605
3044
-8316
-23725
27693
43783
-32035
-8925
-17716
19770
43679
-10587
-41614
16938
-37460
35441
35547
43424
16521
44760
-38026
-4125
18906
-10427
-4557
-22457
-34096
34312
44751
37285
-10260
-11028
-9672
31424
15248
5847
25207
-28961
-15251
-4683
40809
-21573
-27444
-12978
45365
-14904
10289
-31262
16347
-23191
-36503
28321
-39490
-29770
5721
5954
35600
21625
28092
-31824
46736
5659
7149
24890
-12918
10223
-19263
115
-30912
15486
45432
-2276
43913
-32012
34746
-22897
3084
-4966
33668
-30570
-40330
-15008
-14422
-29820
5222
-20875
-36040
-9179
-49251
-20121
46824
-14688
35538
41799
-39799
-27381
2021
-9062
-39439
-41064
-5750
-44008
6660
25989
11807
-8595
-46908
2718
-25735
36760
-40026
-16065
-28249
-4448
4116
-35201
24677
-44098
43447
-36747
-14219
40271
-1435
-28682
32069
8766
31765
21917
-12469
42326
30853
31781
48318
25339
7770
47952
-33257
48689
669
28835
35448
10643
-37230
-4974
-5978
-45288
47652
6525
-39386
41099
19778
34223
-30805
6169
-44460
-10910
2762
37305
-38994
40293
-32544
-20315
-40101
3601
-7150
17669
1552
47420
16357
-9953
26255
39632
-49311
39025
22484
32538
43737
20135
-10937
-7823
49060
-3333
-23601
-31746
-47164
-18060
45172
5598
7071
-43823
33717
-37646
23690
43616
15955
-33461
49112
5333
-36041
-46706
45380
40214
-19248
-16105
-32936
-46765
-33567
-39200
-38803
5496
40804
-1917
-47838
-32797
-45836
-7175
36970
49336
-13751
31867
-6661
-30035
44221
-32972
1408
48002
21395
38346
41161
35354
41640
36540
-36607
-27608
8262
-19543
13454
24695
29084
-37523
18017
19887
48388
-41995
-25084
-47449
38658
-38115
-48114
-25094
43753
-4775
32699
-24201
-49920
-15894
11628
21475
-27549
2788
44655
1917
27155
-4126
-37865
-14584
26331
-36584
-2063
43241
13720
-34047
13127
12107
11785
38044
14658
442
-12245
-45630
-36825
19334
37423
45874
-17040
37503
17806
44588
46804
-21917
35202
-20716
30000
12356
25158
-20038
47772
39315
-6622
-4292
-29619
-42903
49488
33508
19205
49100
-40623
21689
-459
34960
26060
-49458
4293
-48692
46416
-24921
-23363
14221
-30334
-26560
-19870
-45132
40551
-39870
-44950
-46466
-9908
-9351
-19325
-28704
36357
1056
-21607
-26329
22390
-14576
-27230
31768
-5060
-39863
-45447
8826
-39320
46673
10134
-5078
-28248
36771
-3030
-8582
-1963
27100
34113
-11413
-24944
-23010
-7879
15148
17639
22796
36444
41822
-26149
2664
3319
-15933
38088
26089
-34166
20854
-25947
8214
-20321
22560
4887
39813
5308
26639
26583
-47723
5883
12446
-32796
27823
-48968
-7740
-45188
30980
-42592
-39723
41602
-18322
-47902
3279
34342
5418
37347
-39744
19333
-8993
31110
-18788
49222
-39211
-8402
41935
-11572
46907
18573
2838
-12990
12282
-34717
4214
-9896
4143
46475
32743
22949
-8291
-19154
14551
23387
-17055
5656
45556
-23811
-6998
-6362
-16652
-28164
-25253
-47613
-28943
23363
-6015
818
-382
28718
-30610
-47545
-34272
-30502
-32262
-42232
9603
-40293
-45758
30172
32657
33778
-38982
-2793
7165
31790
-9311
40547
-4195
33692
-15816
-33021
-44473
46758
-30634
14411
20121
-48822
-34772
7565
29896
22445
10020
-16550
41943
-34416
-8781
39372
-24708
33288
-42630
-42052
17066
6215
42982
12057
-11996
-16330
2603
-28365
5188
-25387
-11386
48542
-28630
7981
-49222
-20683
9159
3833
36882
26881
-23723
34728
-1842
6047
-49688
-22797
33245
-24396
-1683
-21559
21379
-34618
34656
-47814
-34735
10486
23683
-44306
32121
16698
-19693
-29265
-46935
39505
-33458
-46156
6648
-36473
7677
-6470
-21766
-28219
-21743
26392
-34346
16396
-46406
48899
-20174
1912
15167
-48796
-44880
-178
-8783
8213
-39692
2727
13907
-19745
-30576
-17959
990
-27511
-28455
-44642
14160
-33981
-31115
-28163
9549
34947
31445
-24367
11338
47099
42029
14933
-16177
-28145
4671
48990
10886
9791
36639
-47897
5830
46947
42657
-30263
15028
-93
39605
3845
-39778
-1024
9203
24383
14995
-34085
-15954
-25456
-49139
-34510
38004
12199
415
30032
14958
-27936
-10287
7455
8881
-49401
5073
-4481
-9471
-39098
30292
-16815
18466
-4681
-29082
8070
49164
-18860
-42955
46194
-44478
22041
-37892
27395
-15589
796
42885
10241
821
31126
-9728
-34221
-46810
-32188
-38940
12071
-31589
16133
-4584
8940
27036
-24293
-20049
-4499
-41148
869
-8602
-4157
-30165
-1557
-7964
-24642
8310
41971
-47248
-19453
-7234
-16536
-21386
43587
-35411
18887
-40635
5606
36699
8253
5503
-7064
-25615
-49082
-10298
-10753
14452
19653
34749
-38869
8348
13973
6974
28183
-37585
49010
-8633
-41448
40980
31947
26926
-16255
-34590
-44460
-22669
17826
-37747
24524
-26568
-13222
-17224
-33239
29714
44988
-32320
7242
-15765
-30042
14721
-31017
-18911
-26932
-29218
38063
-10923
21024
37072
30445
29576
-34123
-49783
44329
37449
-34373
-12305
-35220
-28721
-52
-22870
32538
-25448
47733
49300
-7908
42720
-33021
49334
-23046
24764
14054
33764
-44147
-25052
-45455
43916
14025
25570
-31186
32296
42972
22518
32513
-24874
9967
-14034
12821
-37427
45073
-37232
-10297
27610
25147
25262
26909
-32762
17981
-18286
-33429
-17238
-43522
-31549
-33475
158
-6601
8898
31900
-4749
22294
-11460
15373
15265
-38942
35713
40392
21025
-28322
41039
33598
-33250
-8366
11127
-17813
-33220
-13612
-40905
-15981
-7805
-9190
38417
24957
35115
-43132
-20691
-14728
267
-23967
4998
45518
48327
43539
10891
-48583
-45404
34430
-20365
-36553
-43893
-29326
-15129
10685
12308
45998
42872
29088
20212
-10207
933
233
-31571
-10650
-24810
-8630
-3782
42326
26642
-15689
-31642
19467
17656
4511
13005
16373
5928
17601
802
35564
31048
44736
-43763
3745
43247
-43629
37569
-26056
35459
7780
13738
24219
-4161
-30007
-36432
-41145
11364
47613
-48820
25832
-18077
7365
-4702
49579
-38125
-41698
-46223
17804
-36271
4579
3367
-17397
-685
47431
36348
-7439
-46199
23916
16506
-22914
19522
18070
-48696
-34639
38063
2699
-25784
-574
311
-24603
-24742
-29939
-29412
20556
7466
-17536
-33315
11244
-11906
-19586
-34178
41461
13018
-47037
-23283
-635
33352
18345
-26719
-143
-16743
-19371
5753
22389
-4010
-6185
-24913
20207
-18932
-36775
-16570
6326
-16714
41845
14708
40752
-25692
-30781
39822
12402
-366
-6529
41689
-37349
-3566
6232
49843
-20215
-25424
10950
-32532
7834
41580
-38953
-19778
-12431
4863
43136
-4398
-26243
-43640
-33142
30083
27473
-41297
32617
18225
-16989
-10337
45873
-16760
39297
-10657
12755
-10226
35778
-31013
-10384
3389
-6437
-49434
-41316
-10777
-20028
-30269
-42729
-44633
-37580
-49593
970
-13823
-43233
-44346
4086
-27933
-35643
24530
-21882
35196
-35808
-26010
-31565
-46512
13334
31190
31089
36938
-11997
-29296
28153
31567
9097
36837
8616
-23105
-5605
15888
-17737
6815
-45879
-28941
-19181
-1285
-23287
34905
20782
-8929
47261
48900
-23734
-38548
-27110
32528
2767
-25950
-48457
-16145
-39013
-10453
42387
39140
8940
39310
-36197
-32445
-33795
46025
-28731
-1532
40666
-24610
19527
-28516
24106
46240
-5784
-5113
-12690
-8524
31614
-48598
40756
-45497
-28244
-6478
-21447
-26700
-34796
27367
12847
-42410
-45668
9613
46900
-31865
-35006
-36896
1986
-13736
49399
-7348
49481
18925
14136
-38588
-47009
-3822
44127
28128
-24519
25740
29531
-33764
30243
-48714
47585
-3378
12413
-37212
11815
13086
-29622
16147
-27302
-32722
-27891
-12307
18209
24095
-38217
17608
-33254
-910
-13468
-31291
10503
27350
-47287
4629
5478
-21806
-19632
-14992
-5570
-1563
24121
-7985
-17115
24361
4803
44700
-12554
-36992
48673
47972
18113
-29219
23491
-13679
44877
35274
-46072
-551
22190
28288
-44016
-17308
5637
-41302
-24853
-1059
-13108
5515
-28225
-30851
-8222
45897
48991
-37511
-41917
41620
-42812
-4471
-45373
-44139
-6500
22740
14469
4817
-3112
9345
-9910
38643
-3379
107
16930
2605
32799
10394
11303
-42054
-2839
48196
-48713
18937
5171
30893
-47341
4161
43382
-39258
-4220
-11603
6271
408
32085
-12402
10974
-3447
42415
-42139
-6275
20332
46505
40346
-29562
-48740
30777
-8937
49481
-7920
36836
-3358
28102
-24050
-34422
-16728
-43158
6064
37433
-11950
16806
21039
26447
-26924
-28554
46358
48501
-29753
30738
-21258
15935
-25538
49074
12439
2634
7338
-48474
21237
-13773
-11167
-36684
-26937
-26699
-20756
-987
26706
-49658
43682
-17231
-24399
-18269
49575
46641
-3995
10478
5913
-7638
8978
26160
-26901
37720
-7905
35388
-25381
-7640
25848
-30217
31713
-2915
6011
-29454
48228
29074
-6153
-22528
15913
-29447
-22186
9594
3322
41243
41325
2897
37883
25156
1201
-6205
-32482
-39822
7782
28444
-14275
-12297
-48342
48171
30063
-34668
-32046
11776
-49757
23965
-29852
48472
40865
13995
13770
6777
-27626
-20590
4197
-36477
-29348
33348
-45754
-3639
8504
5447
40157
26022
-46549
35765
42292
27003
-26533
-18224
25174
-46471
-2891
-19046
-46869
35179
-7255
-26721
-28524
-16391
-24899
35246
-21788
35302
2483
-29765
48825
-39039
-46418
-46930
7323
12086
8517
35306
25934
11969
21070
-43948
-11029
44537
-12172
1971
-14108
-27237
32925
26851
-42058
13496
-49871
-20582
47105
13057
2491
13143
-1641
-45027
-28796
-2817
3761
-25213
38081
-1090
-25301
-3403
-15785
-49367
-3608
-6889
-5488
-26810
25474
32340
25161
-38634
-7070
45913
-23957
38699
9408
13999
-31884
44340
-22944
-41567
45309
25415
1233
-33487
10424
-45006
29127
-1496
3904
-46175
-17072
-24054
-7715
29320
19057
36797
-47491
-5469
-43037
-34503
43724
37720
-38591
-30234
26418
20817
33765
-17640
-47018
-1353
-9206
48292
11888
42027
-35196
-27688
-15153
43931
-41358
-23422
-14418
-8430
2524
-34306
8717
9407
-9683
49053
-46063
35107
-35451
-14513
22826
-24042
43080
-757
-15398
-35329
-30570
-12416
13318
10224
23702
13033
40077
38506
35345
12751
-29738
-18187
39329
43672
-38790
29679
-40635
19927
-10915
-318
18979
30850
-15211
-28645
-33664
-4559
35140
-40584
-17489
-30259
11914
1941
45153
-24769
-9
18854
38264
27894
45187
-38566
-9356
3275
31075
17799
-3054
42285
-2523
44138
-49963
-25611
31647
-43158
-44762
-33565
-21803
-28426
11876
-36663
18817
-17787
20905
18557
34154
-46117
-18385
-15856
22738
7705
-135
-44250
-43034
-21665
9025
38041
46135
-6202
-31849
31438
-12065
-31812
-44174
-30419
12857
-38936
23843
41055
20466
23546
-7782
27109
-44242
-36878
-4334
39913
4833
-34893
11883
-22430
22812
-426
21147
29778
27910
-19829
17818
24044
23969
35969
43308
-269
-8017
-13039
19312
-45160
35852
30982
-16279
6317
4527
-36235
21253
48112
14714
4745
-24150
-30454
19852
-24440
34943
-7337
25134
6089
-27559
3043
36261
-21915
14913
48056
1881
8221
35613
43864
-16992
42752
-13470
-31141
23733
-41923
-36997
16086
-28158
34256
14197
36557
26827
40048
-43898
34505
3434
41046
-22833
-21433
34961
37435
-30563
-40953
-34480
34350
-42897
17401
30397
-19458
49091
-36596
-26707
23448
-17736
-15148
-30649
-4733
-49063
-8806
17349
-47039
15577
-5825
-19165
21679
-21321
34269
-49450
43673
-37165
35512
-31066
-17728
44559
-15546
4449
-10512
-10319
-15155
20031
26598
-1750
43324
37872
-31660
-21824
-42777
-48567
16940
-1583
18782
19901
-36007
783
-49265
-26502
-32712
35004
11876
-1213
-14334
-2613
17721
17938
29772
-9999
-27614
-30740
-32492
45059
-22883
44107
31135
8267
-30196
49475
-25731
-22973
-49093
41210
-36730
-42485
48937
15090
46125
49673
-23585
1239
-27498
38291
-49975
8168
23504
17747
13933
3275
-42253
-25855
-39639
13083
-30797
-12522
45016
-49663
-16428
-35181
49812
7841
-8153
-11455
36877
42944
33887
35814
8034
30011
-26688
-27725
-18751
-4186
-39435
19102
-8191
34069
-13152
-44259
25170
32422
17713
35532
-4496
36917
10836
28346
37254
-17766
43166
-25108
-22098
22839
-48737
-35222
15782
-27023
-11582
11642
-47013
11730
33917
22064
-4629
44482
-8835
-24994
-33624
-34161
18574
41547
-13913
-13714
-35096
-30582
-26798
-36434
47764
-1717
-4199
40929
-38999
23703
13767
91
-23693
17376
23068
14726
-20983
-36118
14282
761
35946
-2521
-4758
14937
22485
49446
-31398
28885
-21182
4689
-34829
-6278
-38067
26200
45115
-40303
12309
28742
-11548
23310
40271
-9954
-26599
-33422
-42579
46469
-30870
24265
-39650
33412
-24975
-15878
18718
-41906
49059
-8798
-42461
5487
-29913
24184
-39824
23085
-32095
-27891
-716
846
19633
-38407
-20412
-41915
-27271
7685
-1869
-3870
24263
43379
30426
-18781
17643
-21398
-35369
42669
12725
-28825
-11411
49610
12377
-3872
5097
-29710
-29689
-46901
43375
26043
13035
30486
14715
-17332
-20095
-17871
28580
2634
39815
14537
-13409
-48097
7915
4843
-16877
-24443
33445
35581
6052
33996
-43245
44641
-28568
-43042
28595
-35645
15076
-13268
-32546
46277
-37226
-31685
26762
-34684
983
-5507
-2555
17389
-15046
25086
-18075
21545
26990
39840
14214
-2061
3224
-2342
21346
-40725
19481
28101
-46084
40913
-27115
-29663
-44733
37961
7070
10548
34238
-42330
28863
48826
-27014
17673
-6681
-41742
-14939
28273
33344
16987
37644
48160
44653
1857
-3902
-2124
-12659
5270
7152
-43179
-16630
48895
-14440
44083
-30769
-9173
32043
-35873
-10799
-45894
-28202
-31936
-47068
-5216
-26437
34078
40869
8624
12350
24213
13437
37820
22372
45917
-10324
6297
-6208
-35157
-38434
-11230
-28335
32764
25491
7225
-35328
-17451
-14121
46715
-3324
-37094
-11352
18474
-19030
29407
1085
42360
13484
-8047
984
13660
-33835
2247
1479
-23636
-1837
41155
-29513
-20218
-44003
19880
-43622
15489
40470
31870
10541
-44859
-35582
-15754
-10317
11094
-2848
28331
-20432
-34051
7737
30653
-41692
9047
10432
47119
-27294
26598
37193
24185
-9212
23182
-46835
49102
-47037
-3011
18981
-40658
-37522
9451
-20962
-39155
14592
-6544
-4909
-7899
-7624
-19931
8258
-40230
-3982
-34006
-21751
4327
-37133
38682
39272
-14427
-46895
26464
-40243
-6107
-354
749
-7006
40436
47739
-38026
-12396
-1957
-40749
16642
8888
-38330
-2076
-8195
3771
40301
-40300
-37971
-12103
5719
15850
16147
-2128
28718
4828
-12857
-35710
7933
1434
11875
-48175
-48921
-37377
32646
-20659
-1812
-17554
16946
46231
-8302
-16413
42945
41195
-30662
22576
-5035
-2535
32277
44821
35362
25822
48498
1508
-26307
-34959
-43665
48663
-20669
-47906
96
-20968
-46081
39002
29483
-25609
-31657
-22330
6838
35289
11728
-13638
6702
4672
-22444
-36134
15075
-39653
11331
35178
-7005
-3307
10999
-8508
48201
34692
6533
-45464
-28820
-26310
-43370
21277
40550
-1623
48105
20032
-39406
4274
-14472
-44742
-10438
47256
-8380
-15909
39755
-42998
-2043
4829
-32650
-40712
-9994
48172
5981
-48996
-10337
42008
-26478
-15978
46544
32529
45539
-8999
3805
36088
-22796
39737
6119
25625
-5990
41648
30884
-28601
-23271
-27497
43317
-33517
-20494
-8727
-40862
34683
38388
-856
32854
32195
37975
10343
24203
-677
44365
-41428
-18148
39903
37400
-26517
-36183
-35397
1046
19936
-21945
45057
49410
-41062
-33545
-23861
19268
-40229
-7378
-13400
38871
39588
-28718
-34915
26558
-8038
47280
14533
-47696
21482
1682
-15505
30055
-28640
-25602
17454
-5156
26042
-30116
45890
-4023
-2061
-21228
33214
44704
33054
-2821
13971
-19349
-22373
-49429
-30478
-32786
9680
-15393
43773
-48358
-18114
46132
-46054
-8805
-2187
-11558
-28751
19174
-49334
-23471
1844
26708
34240
35560
10511
-17822
-35668
31551
14708
47386
-21271
-21321
-21963
6357
17077
35386
23571
-23244
7819
17343
-21602
-22469
13474
20172
18726
-886
-41387
-22199
6114
-2894
4331
-42043
-26187
26397
-18657
-27850
-41425
-4325
-46299
-38891
30888
-17570
27615
-3249
38787
-5309
-17864
-49816
-40726
-22219
17527
-12328
5312
18828
-42157
-25962
-32059
4283
39666
24055
-48612
-6004
-30162
13028
-29607
1181
35179
16795
46857
38880
-34270
-34430
9136
43346
12321
35750
25863
-17717
35934
35137
10064
3460
10636
-34625
-27713
-43695
27240
28055
10589
16906
2109
49804
-1272
21947
12832
-43053
-26872
35837
-38432
7811
-37458
-22701
-38793
-40496
8471
23528
45254
-15667
-6363
31187
-30530
-8473
-15353
-32068
44729
44761
-25763
21969
22816
-27348
26701
12751
-27544
-24572
22525
-26886
20203
-16521
-3223
31771
41290
9319
-3104
-47504
18823
-44634
-36150
14077
27527
45314
33090
46997
-13160
-32264
-35072
-18432
324
26992
-46464
10966
49645
-31937
-26284
9927
-6508
-15933
-29133
1521
17546
17644
-16709
46662
14789
-31986
-13016
21438
-26620
834
23341
-11267
-3853
6431
-14271
32987
-38007
38484
2382
12317
-46698
43745
11109
-47054
-38192
-27348
-49301
5300
6719
-28434
-43180
-25735
39210
27938
8753
3998
45952
45738
-24565
7159
34398
-13397
45892
-19455
43034
19448
1358
-44974
45758
-46261
-44830
49060
47485
16279
-10168
-2881
-23243
-9469
-47582
33477
12097
-2935
-4432
39133
12829
-45680
-6870
46608
-49943
-43608
41593
34456
30822
37484
2827
23855
44758
-7989
-33293
-21658
33578
9704
-22599
-31112
13810
-44940
16007
40567
33418
-43749
24043
-4485
41143
-30390
-15353
3971
11758
-34396
578
11815
9823
-7830
34097
28471
17481
24750
2325
-49936
-33239
-43142
-21594
-49662
16563
43635
7053
-19628
48695
-26941
8765
32112
-20690
-17192
15453
-29548
40245
-12073
-37751
2002
41358
12828
1644
39007
-7176
23567
17477
-1869
-1683
7628
-1804
15078
14486
26602
-46758
18875
20236
10295
-12927
-43244
33354
45839
38869
490
-21354
42148
-41232
6717
-19926
-28983
-41281
-28569
-28329
48190
-39563
-47678
21756
-34260
453
-29928
23368
48649
-27024
25681
-36923
-23782
-5445
-28861
-25661
31629
-22104
-4481
27467
4591
-16165
-6061
34565
-7397
-49345
-35361
-48553
-2799
23897
-26882
33217
-27839
-24560
42800
-12099
-36280
-37129
-904
195
23675
-25224
-48902
-12281
19331
-27762
12059
959
37961
-4596
16252
30378
29240
-1983
14942
9669
-1327
29581
11116
-16300
41305
-27939
4744
-36535
35328
-2457
39193
49048
10414
-11712
37070
21915
13064
38168
-40366
-17605
-39595
-40481
-28820
-13808
42750
-24741
-33431
21989
23276
31512
19485
9775
48919
-19400
-18698
40223
40488
36046
-8486
25816
-16412
-19293
-37311
-18172
-43179
49759
-46257
19886
37927
1204
-9893
-13842
48550
49114
22351
41299
-25628
38920
-48886
-14525
-41743
20599
-16924
-4997
-10975
14378
23052
-20487
423
-35434
-44672
-28163
33100
-31983
3666
39921
5603
45236
47633
-6471
-3561
-12261
29687
32815
24680
39864
24113
-13122
-33390
-36947
22353
-25133
33652
-44571
19870
10504
-42367
30749
40017
8057
-16859
-16829
29894
-33760
1188
21386
-6013
-43210
16621
-8380
38146
-36941
-32815
-44341
45874
-20309
45523
-42187
16570
-37868
-29134
-11078
24827
-7655
32178
32523
-47152
39812
13271
-19309
35695
46412
13862
-46586
478
2876
24801
44466
47494
-8579
23912
35639
42308
-21077
-20876
-23993
8615
-25353
-16180
-24816
24606
42514
-48068
37259
22685
34111
19782
-36641
-38252
20879
-5950
47443
17291
-4262
-11317
-32232
48614
-36517
60
-16067
4905
11798
-30428
35039
40722
36523
-38955
-664
-1004
32693
-37654
-26398
-36968
-35722
-39140
35717
-13785
-31532
-13098
35790
39348
-31222
-28942
44465
14516
9742
59
-49045
23225
-49881
-15111
15956
11917
42288
994
40465
28810
12040
27627
-22194
-5268
39973
39235
7764
-7922
-49906
31307
-33881
6390
-31792
-10264
-4263
-13014
10794
-9799
-10672
-29465
40260
-9717
-18413
-21795
-37002
47543
-22051
-44715
-1463
-31587
-28078
-1597
46041
-272
-19039
-26161
-11038
-23449
-46257
26883
-42143
7690
-16728
13892
47426
-33165
-11296
8219
7036
28032
28755
-2704
6141
-39659
25501
-43034
-4290
-8724
-37749
44247
9690
22000
30476
43557
-28273
-38564
5222
48516
-12013
8966
-36775
33671
-33345
34324
-2438
-35920
-48841
-25908
-39875
8195
-10050
-23294
-6683
-16082
24874
6645
-9116
-29416
47921
40962
2657
7610
12962
-16867
38993
-27485
32396
-5785
-28969
-29617
-8993
-15744
-8120
7662
6406
39443
-40432
7565
1361
7520
-34240
41312
34227
46904
-24771
9100
3548
-46061
-32490
1469
44901
20168
-3095
45689
-8873
23725
-31796
-26478
-32061
27062
-6095
8946
-856
-26388
4434
-44451
881
-48172
13115
-47759
9348
28875
-18621
31401
-36396
6608
28328
17153
48374
45838
6448
-18899
16005
-8821
-23211
-42869
-35097
-5007
18481
20669
-27946
212
17441
21198
23824
9701
-35426
-25296
11529
27689
-23054
8704
44390
8325
-9896
-42007
2760
6258
25146
38960
2096
19420
-29940
5927
-1574
-3150
-49115
13329
-20331
19366
21825
39551
-30423
-10735
48575
43402
48967
-36852
5932
48322
40837
-29296
44852
35226
29030
22783
43220
19616
-20960
-43809
8575
31136
-36562
-33538
-12937
11864
13312
-12052
13019
-19193
-42687
22670
-29643
14717
-38065
-31068
45945
-1272
-17920
1877
34876
-27083
22581
29728
-4031
39437
2510
27015
46879
31550
-28967
43281
-49488
-15529
-40258
-12425
-15839
-39120
-36651
47180
-8313
8489
19850
49872
-26795
-30389
-31197
6977
-43835
38710
-41147
41041
-547
-30740
-41406
45423
-3476
48931
22437
-6598
30481
-18704
-13318
30993
15767
34251
6394
-12246
45131
19743
-15066
24645
16058
-7390
24516
-22911
-49953
-18855
34066
-43788
-30146
-19255
-14921
19308
37833
31501
-47444
-15644
30431
-37181
27758
48738
-5884
2267
-32444
-2291
24344
23950
35464
-42699
31519
8224
31946
-2424
-11340
44288
24666
-11293
13259
46558
32746
-29061
-22697
5651
-21927
-34865
-12849
-19371
-509
-32418
-6551
15075
-33681
-24609
5168
-16124
23100
-20488
-4348
46390
-13187
-22829
4613
6585
-37427
43273
38699
-24935
19806
1957
-28377
2551
-39278
36753
-41798
-11204
-10286
33180
19425
39205
-49239
700
42106
4908
-36083
35101
-23390
-25156
-35388
22262
-28767
39252
-12741
-36327
-4164
37660
-5228
22361
-37276
-35422
-25683
22174
-45045
22866
46753
984
-38339
-13534
-15836
-31087
13497
22752
19613
43430
15486
-28643
28530
42096
-3799
43142
-47816
17434
-29781
-10557
-31067
16055
14929
13706
-11585
-34520
28284
-49442
-24520
-28935
23424
-27767
22050
-27088
8699
-5960
-8175
-27804
-33209
-736
3452
-29896
20621
-18019
-37801
-33179
-24878
2210
-27918
-4659
-20520
-8985
-778
44409
-7453
-24537
-40112
-29170
13848
-14631
29723
-12729
45429
1772
10183
4127
45812
-10166
-35851
429
39099
17601
20533
9719
49582
-29441
-35633
12530
22769
24276
-4303
-47752
-34710
-17255
-15516
45665
8208
-5628
-33506
9882
-32433
-15957
-15020
-37005
35815
-17011
-45051
-30548
22824
-30902
-42292
11922
-25474
28241
9467
11934
-13374
-38340
12291
-2778
35936
-4186
-530
-10947
28560
-28220
-15283
24594
16153
39038
-15524
-28454
-26919
19456
-15458
-41105
-47556
27318
16175
-36906
-15758
23883
25016
8768
39950
22310
8529
-23424
33970
-29181
23798
19906
16633
11094
-3215
33019
32875
31502
45440
36854
20539
17742
-41601
43620
25024
30768
-9658
-34706
8085
-43484
-21611
42328
-31775
-8769
38922
-41826
-36460
-2550
22577
-14663
-43905
-3626
-6931
-39445
-4705
39854
-18600
-21831
21355
-23161
2849
29720
44581
11248
-38834
19604
29843
1508
34899
25754
45851
1114
-44093
1902
42345
-17344
10076
-6288
30106
20480
29049
-25972
-33147
-27883
22410
49975
-203
-46191
15970
-28849
-19351
-31182
-11303
13056
-32107
-137
20487
47736
-10803
43212
-38685
22874
-5675
-32777
-25225
-13331
-121
-27322
30381
17811
43158
47256
-20335
-2163
-30628
-47926
-2188
19169
-44116
-36219
-21854
24360
20427
-45330
-12585
38320
4533
-42099
-26119
-18443
-48888
-14804
-45570
33264
40246
17033
-30067
27951
-22463
-11860
-4238
8521
-14604
-36747
-43643
42595
-34672
41996
49591
-28788
-6396
15563
45572
1857
20233
20813
-9824
12593
-33459
-48117
44150
-32347
-12921
-13594
-49083
15152
-8735
8677
-6898
-43372
-15357
-23310
15149
-42135
-10056
-40667
-11713
5272
-10845
-12123
-35690
-29415
-8734
-2292
22442
-674
-31480
-37383
-255
-14939
-35500
31721
40542
39407
5953
-20715
4558
47219
-24212
-14514
-8327
10431
12177
-5351
18297
-47880
3982
-43417
45219
-19037
32287
-40472
1549
11379
7236
-26010
-39296
-36418
24435
10449
36471
-23239
-7831
-35162
3994
48123
-5877
-3622
-16833
19911
31865
-37334
-19659
-5959
7315
-13536
33988
-877
30874
29206
30087
13160
-23440
-18365
12366
-28378
43452
23070
-14796
-44288
21346
9501
-17526
1341
24339
36468
37290
-31539
20673
8283
-23802
2537
20950
44367
-15596
-21736
18657
-31609
27388
-469
-14577
7474
517
11983
-23065
-37118
33605
8213
-26221
6635
13926
-17049
-33864
-15774
34292
40475
8520
-40592
-3237
-20808
17691
-39213
31729
-11360
-44847
3959
16905
23811
-39824
-5708
11168
-4401
-10408
-38316
-4592
16527
12394
16839
-25261
36173
-26526
-23509
-30877
27437
10717
-8759
-44263
7064
649
40327
36256
-31660
-48886
-44189
44807
-5906
47597
11711
5731
-42227
-6171
-33102
41199
33421
-21417
24434
37774
-21197
-8728
340
-35025
-47428
26831
21925
-32165
25375
-36835
-26427
-17562
-48359
-36101
6520
7808
2840
-49843
2614
46935
47755
-35675
2665
-44473
8154
19564
46726
29402
-14027
21159
17175
14776
258
-32486
-32423
2830
-17828
39502
20666
-42454
-9507
-17935
27811
-7866
33791
-15670
-12232
-13369
-15512
40383
-16435
20069
-7466
36230
25596
-11486
43620
-39853
-32085
17419
-30867
-27083
20021
19391
-9569
37598
10047
22603
-35075
18539
-32025
5419
-11570
-16388
-14621
-27779
17943
23148
8852
-9743
-48644
42417
-1848
-6110
-33528
-26253
-29770
-2081
21721
-11854
-34663
40854
11063
35359
48071
-10680
-39218
45945
-250
-24292
-47691
-44449
-31047
28567
-10836
42159
-49213
-5067
-46868
9639
35190
-45512
39882
-16659
36205
-5820
44915
-43565
42099
-45539
32408
-4737
-16858
-6530
18448
19039
-29384
29230
-47191
20366
-7236
-44881
25918
49544
33686
2908
41703
-27701
47841
44835
-30236
33030
-12850
-2528
4197
-26646
41652
36938
-20211
-28423
41399
-37804
16840
12367
43493
23114
-18594
1936
40170
-15785
-27699
-17066
27161
-13955
20304
10846
38953
12006
-29029
36793
44668
-9265
-42352
-18183
38207
49672
42998
29859
-25565
10614
-10738
3661
22810
-43899
-33973
-45871
29215
-2567
6065
19384
31649
-33808
-9856
46636
40065
-39552
7482
29017
-39720
-33721
-46364
-45053
7015
-889
24591
-4779
-1217
17589
12906
-38956
-21798
-47833
14705
-11162
-3905
30733
30794
13136
15992
-13142
20347
35467
3051
-39510
32103
30942
8765
27411
47785
19046
43690
-48580
-38181
704
38359
36411
-16248
24968
41826
-15516
36012
7854
24479
717
46692
8400
19276
27486
-28464
-14733
2170
41883
-29266
-6953
-9801
-9337
-26012
48965
-31927
-28227
18010
-38238
11020
-32345
-49707
-622
-8108
21872
-25655
-16283
-5818
-1816
41571
-31340
-13273
-23911
-35113
-43998
-8599
-13577
29096
43571
16132
-12344
-13382
-43670
28319
48433
-44706
-15782
-29795
-38870
-4019
31226
-21214
34101
18430
20678
43799
-19398
-7778
-12020
28786
21619
44468
-34488
-14466
-40646
9341
26935
-4223
-11564
-41668
-265
-36081
-5050
6065
-19936
-6618
11360
14283
-48586
22490
-1910
-29534
-10898
-17810
38896
-2393
-24012
7324
-22345
-48206
-13891
-12900
46262
39448
22635
-44385
-1212
37396
39219
-24949
45728
-11047
26797
28504
-17155
-43140
-28114
44205
21143
11127
-45480
-30768
31593
31450
39249
-41686
-20944
-34764
15639
44538
4858
-48253
-18363
1119
-20978
-7902
44562
-34364
-20506
-28394
28514
-24779
48387
5310
-46275
-18769
12171
13438
13262
21140
12391
-44392
40373
-6017
37058
29621
40124
3940
-17316
5762
-1523
37542
45337
-32059
26487
-25642
10039
21048
-10006
39533
-19519
-31492
2581
-21133
-38356
44133
47925
23815
45397
11186
-5045
7787
-45380
23154
-10404
41679
40601
-20281
33445
-26716
-26692
-18078
-1348
-31356
37690
12966
30829
-2272
21840
8649
25088
-47680
-35017
15495
19014
-23372
9627
16938
-11731
42850
15950
33224
38463
20571
44204
-21942
-49925
34805
45604
33520
-4085
-31089
3268
44568
25382
-9043
7533
6210
-23488
-20628
-35141
-10574
19520
-20158
-45080
-11467
6470
-47627
-6702
-17434
45223
-2926
-34211
-28489
5471
-40007
-431
5546
-17376
32999
26893
28539
-48090
-19840
-39068
27292
-41056
-43709
-16498
-14544
23491
36188
-37292
-6990
3856
-32372
-30631
-1847
7828
12667
30719
40877
-2432
46508
-37613
-46962
-5673
11956
46412
-35223
-5046
23304
43317
34691
-8710
-45752
49810
234
-1633
21138
-26484
-28143
7325
-13776
14867
-38820
3852
-27938
9333
-494
-27444
-9949
-9618
20124
24386
2769
23162
6539
2551
19573
-40857
-14668
30703
-47541
-29978
-28007
-5466
-30169
22227
42901
40969
45744
2584
36120
19794
-32550
47301
11473
27340
44460
-39022
49896
22338
1361
20019
34550
-8044
31007
28915
44508
38407
38058
-20161
19109
-21657
37688
41102
22878
-42481
-48845
-46396
-13686
-15275
6189
-27566
-45482
-38535
7561
15991
38805
39847
-35204
38700
12184
16157
8718
34560
-41888
-10275
13475
-9554
15958
1532
20285
-14934
29876
7973
13995
40580
-46682
15150
-17990
27459
49875
38199
-12281
-7781
-12509
45280
-3963
-23705
-27047
10833
-35005
-27037
14816
-38461
-42477
22928
39091
-41176
-36626
5048
10356
-28515
-22059
28058
-32716
41936
-43537
-29398
44912
-11526
48062
44786
14499
-14220
24831
-48011
18887
-29133
-21715
41840
31700
31107
-35198
-3485
-19528
10152
7270
7390
18976
-41530
-37563
17159
-20045
28205
-4784
-2760
20140
39507
-44332
15051
-22020
-8444
47663
42479
27337
-39680
44469
34050
-18813
10580
25889
714
29513
-21483
-14945
-40016
38670
-19849
17374
45472
26448
-32362
12630
-5770
45843
-4327
-20704
-46191
-14821
-15036
-43314
-49015
26521
-7824
-18710
41684
2496
-24242
25733
-28491
-25836
39448
-39951
-46324
5791
32932
-36339
-5540
-36918
-31139
27759
39531
-13501
-9612
21587
20169
36061
-49118
-38196
9066
-14154
-31510
10051
193
48493
41342
-8124
988
4926
5435
22498
-33083
32709
-29627
-29407
-11500
-46696
22081
32960
4214
40943
48545
31571
15268
-11067
3157
23263
12820
4039
-27107
-28114
-22289
-8616
-30237
-34269
-10124
-1069
7607
-21309
-8316
869
-10985
8601
-16423
9388
-32980
22077
-49481
39102
42864
4733
-32130
41408
-13697
-29036
18167
39460
-17946
-19013
31325
4947
40700
-40965
-15843
-39538
-25234
-38140
47221
-29800
-9449
-11096
-41105
-32608
-14669
30299
26780
2351
2376
27299
29279
33066
19858
-15025
-37701
-43840
43767
30467
-16554
13647
-38547
-35230
-31407
-10021
11633
40578
38268
-25775
-47563
35488
32252
30815
12218
41147
48207
-14625
-40728
-37188
-24447
11648
40112
-7342
32540
9969
27634
44839
-46044
-40774
25305
-12598
22873
-25416
40000
-20708
14563
39459
-30131
40658
-36317
10133
26145
-16238
-9053
26190
12735
26980
-38436
22007
39793
-12883
21481
-32270
29776
4020
27699
45236
-1141
-30519
-7712
11990
44711
2987
-25599
34710
32279
-23210
24168
-10025
-32553
-24323
-12066
-18581
9439
-33292
-42392
10001
43688
6999
-17993
-28694
-18057
-46512
-10964
-38282
7508
4562
-5220
-5807
24043
37068
-5990
18753
-9946
-43763
41289
10159
-16973
-46718
-12040
38302
-21040
25895
-30280
-23775
-19571
15155
36226
11943
9980
-31767
33250
41923
9548
-27715
-8533
-32945
26847
36247
49076
38717
-38860
30912
45296
39021
37149
36585
37007
-29825
39867
-25034
-41524
6653
-11313
16023
32879
-43058
19004
-43070
18886
-21016
12990
2135
8733
-27463
-37754
-49800
27420
-23080
-25727
26495
-34364
23241
7406
-39069
12261
-5446
47516
37094
-47445
-24791
-113
-1141
31862
-23600
2708
-47434
-16657
9539
-40503
-9945
-23651
22487
42190
35082
45025
-7738
-26892
-39730
19182
-2618
36765
34818
-29378
31997
-16424
-29291
14377
18918
-42197
-45242
44127
45517
3617
-36185
-28084
-5848
-33619
43086
-46310
-24122
-16860
-19961
48366
-24671
-34880
-18784
17592
-11771
-8514
24600
-26563
16077
9418
-5941
35900
-19180
-47406
38103
49738
-1776
42861
-18309
-6260
-3522
-4494
-46517
40630
11887
46569
-17854
37766
-20291
12185
-26043
42865
27305
43000
48283
3360
22312
22883
26797
26215
20127
8682
49941
-49054
11277
38043
-11490
-2673
30903
20201
-21106
15207
-34294
-17623
43663
-34580
-21055
-24192
-8988
46481
37993
-47205
-22828
-46876
45795
-24546
6484
-44068
-13837
-16719
32147
-43711
-20211
-30087
-4938
41066
-42045
33573
26220
38858
41600
-44887
41892
-4867
-12510
-26620
10553
-45739
-811
-48436
-49258
25008
-45641
-22086
28132
-12020
41195
22443
31739
-22642
-6450
-48289
21474
23339
-28376
-33464
-47769
-20421
-12065
28451
6263
-20466
33564
35981
24667
8880
-40639
-14781
13141
8550
24610
-48291
21384
-33205
17450
37343
42602
8645
9785
24340
-26171
-8839
-36123
45303
-35501
-14499
-38162
4557
15080
-227
20834
9170
-32866
42224
-4850
41801
1103
4511
14847
2071
887
27283
41607
-27729
-18095
46884
-40387
-25494
43355
-42776
-13327
-32817
36212
550
312
-49290
-26122
12151
43095
38958
-250
13928
35954
-45290
6152
-18896
46512
-4919
-26559
49185
47152
24329
26467
-23415
-15574
-3802
-26532
31866
20705
-33178
39090
-4796
-15995
25301
-16420
34317
-36163
7458
34294
-5242
34243
21871
-41314
-41978
26581
-47336
-10874
-39082
-2255
12568
-2071
32724
24723
12223
-40692
-40852
-41580
20603
41014
-33049
37425
-32071
12155
9256
-18944
-16438
31399
32720
-21154
15693
15305
915
25390
23991
8938
39797
-35519
-14110
-11458
12226
-13716
36471
32776
-38994
-1307
-20090
7981
44941
-49488
36821
-38109
37937
-45251
-38127
35019
23632
-4565
16418
44179
-37893
19937
9483
13023
-4674
21300
-28040
22949
35781
7850
-683
35833
44135
-14212
18609
-7033
-27693
-13655
-49052
-32753
-13142
37769
-20861
12621
-19655
28839
-2360
-8197
-25727
1884
-14019
-13620
-28180
45464
-12771
-45028
-45411
9189
-34253
40370
4866
15065
-35971
-1000
-11321
-29536
41967
10986
6809
-19259
-33940
43667
-31490
33026
44115
36682
11864
29581
-21516
-26037
-18536
14466
48170
41111
47756
-14601
-16091
-47655
-17586
-344
-19459
37280
-35280
-5430
24106
3399
15034
-46101
2212
-28157
-15360
-43902
3336
40977
39124
35277
27658
38814
-47317
-43858
-37224
21974
-41566
-1228
13084
-5984
34171
46993
-3639
4412
34476
-35271
-8309
49196
47126
3624
40422
49987
45350
-7367
9656
17816
36558
-37009
8793
25681
-13905
24277
-47680
-11222
-31755
-34904
-1421
-23321
13868
-38338
20696
35866
-3518
4883
-9723
-19043
-42562
-30206
17979
-45436
-38756
8400
-45450
-43407
-11141
14206
24410
-24584
-34977
21029
-11077
38945
-4695
-8757
-22277
13551
6339
26302
-21944
8034
-24210
48752
31726
-39902
41462
-27998
-8945
48900
29623
-40966
-46537
40868
-44740
-4160
-14713
-5880
-2128
-2477
19536
12896
-31449
-3714
1840
13857
37529
-32611
15234
31695
-18483
43290
27555
45135
42042
9280
-44768
-28671
-30892
-3712
-29772
-13443
43149
11519
15251
48409
-42642
-49462
30355
43058
-1939
37718
5953
16613
-15997
-4381
18296
9358
-49165
-16471
-8948
-17648
-23182
-31394
-22514
6686
-34288
-17281
28015
-15180
-33167
-13930
-40796
-2192
47589
24455
34043
-7227
24993
14398
-14170
10881
2115
-20391
-22507
-26056
25229
-16385
33302
26064
17144
-25646
-3758
-18212
30787
-38445
-23699
-15674
32101
-7858
-43028
-13240
28212
-33824
34568
25800
40632
-43564
6400
15624
20834
-19944
-23496
10775
9666
41824
34719
22721
-24562
-44153
-1216
-19592
18028
-17148
-49977
36641
-5593
14151
-29034
-23493
-43708
-22061
13267
34505
-5885
35661
48131
-15254
42098
4530
-11803
-49243
34587
-47473
11533
32079
44352
34078
4799
7616
-22249
-8591
-24149
45779
24261
13701
32420
6495
-22149
-46615
33002
-15857
19151
34096
6474
-36734
19756
4605
35839
49680
-3039
-25965
-49563
19374
-23437
49797
1452
8741
33874
-43750
4183
-548
35486
-32140
-4770
9747
31561
15476
-33759
-2762
18862
-12931
31382
25839
-28836
-12145
39105
-21253
42460
-37230
-21574
27248
-13195
16690
-3379
-48806
16486
-14100
47762
38187
-7850
1945
-12362
-22364
-42369
32868
-24791
39193
36171
29277
-13570
5032
-33655
5638
18697
25337
-18680
45629
-45917
11606
-41602
20336
-11147
-4797
-12974
35475
34225
-46489
9201
31986
41698
-48650
21757
17162
16813
29389
37857
-20152
-43593
24027
-40876
30664
16885
-24530
24129
-14419
-49194
-44552
-18791
-7284
17054
-10393
-36949
-44093
-27363
37904
-20792
-43139
41416
38409
-23327
-29061
-22415
-13743
-24072
-17775
-34355
-36216
12073
9879
37811
-40976
28369
4695
-15506
2497
40276
23127
45772
9312
3669
12826
48919
-45454
-43441
9382
42451
23594
16243
-28308
12002
-19257
-7369
-22587
17000
18559
9638
-29529
-29831
9538
-31824
-42021
18562
46545
-49500
-9118
36869
40777
1835
32640
37915
-44497
33292
36833
-39951
39851
34042
-47501
13444
284
-25809
13272
-31147
-45351
-21488
35853
-38966
38150
-43677
-18796
35514
-25501
27010
4075
8871
27511
44957
33566
-43887
-3209
16205
44028
40121
37324
-31314
-49830
27174
-47273
-9504
28445
40839
-47486
29543
-40309
-42837
-41946
-16629
6024
-15969
-10306
37228
-30456
-47980
-47936
-38554
48718
29575
-5771
32283
35688
-21153
36314
-32459
-31033
23637
-13773
6964
38638
26782
47461
-45092
17620
49975
34451
-34863
-5036
-19668
-1492
-49013
14363
-23971
-23958
-28267
-21951
-21894
-16821
-23234
-42320
27409
-3125
-18806
-43745
-16812
-1265
-24778
-43175
-27212
32187
45463
-12604
-32527
-49630
-44985
-32553
-27353
7980
12411
2979
-43513
-48776
5168
-17484
-22734
26902
48392
43199
-39920
12984
-11295
-24685
-40142
19899
-18430
30874
6460
44620
37699
-32925
-35368
-29013
4471
-17895
9184
47314
37379
31831
43120
37616
22637
49607
38840
-22196
19950
3933
-7468
-43833
-2869
40440
-43022
35837
-34246
-33164
43562
35152
-14464
37849
-32403
-26766
-45077
-17771
-5779
47221
-47840
-8769
-17640
39539
-26938
-24521
27154
-16475
12913
-46181
49156
20689
7752
-8312
26856
-45117
19954
33834
40720
35708
-11503
34281
-41315
24033
22129
-23718
-14906
-35122
8511
-32859
-37901
48498
8373
32286
38036
-30739
-42235
-46985
2786
20678
-43165
39768
29193
14587
19282
6048
19470
-10765
27709
48016
12770
4032
-29877
21455
-21936
-19922
47738
13158
-5043
44075
-31874
44883
42573
26499
27168
-31566
45760
-27241
-28550
36372
-18737
16112
26139
-39545
-19302
-4579
-45670
-12005
34656
32039
23837
35252
-13930
43960
6707
-48040
-25962
42271
-47055
-43179
-25829
-28929
-10470
4570
47570
4524
23005
-18845
27284
-17719
-32474
-3627
48393
-18509
6829
16917
26912
48986
-7262
49395
31024
-33425
34646
4920
-1639
29179
6880
22399
21449
9825
-32954
-16553
-31278
6576
38017
-33709
-1073
11021
35273
-23790
43302
-47202
-39591
-20480
-15710
-44936
46438
-972
-45951
27002
-1578
-27101
43577
20895
27819
-8062
37900
22526
2163
47176
-17650
-42964
-19378
38900
13612
-31362
-44810
365
-32514
40464
26575
-39213
-18912
-25189
28135
-46796
-20125
-37602
2233
-16075
39400
-11519
6824
32977
-40625
22470
12741
-14898
-5005
-35097
-17723
-34829
-28061
12899
-45930
-26622
31537
-2912
23743
49023
25378
38145
-2363
-5708
-37045
13598
-2503
30657
25996
49730
2408
15395
-11790
-40768
36198
35413
-30472
-1062
8341
14523
-48332
40618
29694
-26393
3516
-28409
34812
22879
18679
46382
-40272
31883
-27648
7365
-23826
23134
-29038
23671
3790
-15216
-38774
-43802
-49822
37264
3257
36377
22676
22785
23141
18843
25134
24809
9460
42654
48417
-37025
-35756
-28946
-26320
-29251
-32565
-16592
-47369
27614
-21401
-21194
747
37388
-47524
-45463
-27829
-36297
-1438
-27650
-49034
-48182
-3447
-38532
-37571
-30307
30311
37563
44503
27597
30216
-19255
40572
-17713
39626
2078
3036
-5112
35487
5668
-27499
-35915
-27700
23249
-48527
12603
27786
-26356
-35868
14174
33821
2925
-46182
18200
-47781
-33753
-24280
-29644
-8364
8049
47953
9678
38794
-23650
-20209
28419
28429
32828
-26694
13915
26322
-4192
-34174
48622
6883
5126
49051
-15332
28771
-36817
-13332
-49583
16108
-9514
-43556
18328
44560
-17836
38684
24022
40213
-25537
21526
-33168
813
-48683
-16923
-20759
34145
6384
-19018
48293
-9982
34636
-15260
46901
-10239
-16210
19395
6358
-3027
-6111
6776
908
34375
13220
7062
-33240
-16790
-4255
40782
-26578
-41966
12307
-9746
8848
13624
23331
-24085
35595
17541
44725
33887
-4615
29360
-31374
30112
-30880
40244
37333
25479
25043
-18779
20081
-24050
3422
21127
33012
20182
-45664
16584
48790
15585
24618
11097
-6335
21292
12547
4822
47208
-1858
10190
-20242
19855
-6599
-40883
-23692
-26487
16064
-33449
-1328
29369
41594
-32280
-551
-32456
-41032
8402
-11618
-33023
-49436
-45035
-34234
16149
29584
26863
-2360
875
-10590
-47538
35909
-24622
12652
-34334
45233
-6121
12610
-28460
-44782
16501
-11909
3891
-4131
17512
-40563
-16855
-27118
-31595
41547
11264
-14618
42112
16230
1149
46087
33640
15838
-6273
22341
-6926
34016
8250
18452
34494
-38258
13685
-21628
-37821
-26949
-16409
28680
48970
-24692
-25452
16481
-15255
45520
39363
40977
37067
626
-23641
-32996
-33145
-34666
917
-11679
31172
-17530
-39338
-25754
-33515
-43262
-19476
-11195
6307
44209
17178
18486
5087
-11405
-2835
4056
13903
-40460
-29464
-13526
-44941
-40102
-22550
-20048
48351
41636
34783
3033
-43031
-14300
41354
38142
18170
-47985
214
-27518
-3420
-31436
11287
-47113
-37227
16291
21373
17860
-45115
6365
9742
-43386
15905
30278
30915
-41210
-21998
-41635
-11257
-23648
-50000
-26475
29385
-5203
47052
20739
20765
15222
-39420
-29022
37704
7161
27369
36817
47875
40142
3108
19247
45828
7993
13438
5569
-47566
-20658
23673
33349
25960
-48326
-20460
2529
-21973
17368
-36120
-4762
-37836
-39068
3803
32929
-36020
-47790
-8267
-10490
47198
-30899
-23674
45072
-2930
29434
-47856
30724
25254
15583
24120
27688
-17249
-2208
48863
-41290
37294
16230
49066
3147
-16403
773
48385
33588
11705
40015
-45658
-36489
42225
33902
3021
39422
-46998
29347
-27681
37899
8781
-25537
-43551
21861
40046
30569
37375
10624
16187
36237
-42840
3480
40293
-43774
-43374
11716
6999
-7162
-4697
6530
-17148
37472
20041
12903
21373
10888
40151
-37798
-9766
-37531
-49900
-13159
24759
-43451
-41299
-47369
-25056
46076
13255
41132
-29861
20415
32438
-39569
-35533
39065
-40026
-40708
19729
43104
15822
-9593
30576
23689
-46691
1948
-15424
43460
-48024
24811
-6245
-47923
-522
-31487
-3547
8180
-28856
21398
42082
-27775
-49645
-37780
42641
32793
10479
-5066
-40317
20453
4227
29412
-48618
-29952
-30182
31958
-18436
-26873
21733
16140
4413
23709
-9050
48168
-36388
-21745
4508
47893
36435
25652
19290
28516
-14296
-42529
-21437
16171
40264
-23132
-38896
49948
-14853
15331
-32815
-13471
-26794
-12996
6314
4770
47958
15873
-29091
2371
-10419
49687
38365
41021
-22059
-7128
38913
2202
6351
46029
18544
42055
-46501
-15067
8225
-18411
11801
-42845
-18464
-15226
-39687
-1278
-40870
-16481
-26448
15444
-23885
-28491
-18684
34851
-38294
-41277
-27637
-49929
49744
38131
30770
38656
-9668
24947
-27490
-3297
17001
-23991
-30538
13052
45426
31264
-41966
14788
3864
-31653
1336
12994
39693
24888
-21563
-34193
-15776
47580
-11516
-4070
-43697
10848
33828
-43954
-1022
-47576
-17471
-22863
27371
42866
-38334
-5628
6702
-18872
-4750
2127
218
3284
-33086
-45918
-40543
18251
17076
49150
30965
-16660
2783
-34812
-19081
41268
48946
25049
2115
-29401
-31078
-11081
-26977
1451
16056
-49606
-5684
-34452
32593
-11156
-3323
-22158
40971
46895
-31047
-42115
-49024
-21590
-36038
-44121
15387
44927
27046
-31831
-2058
-4209
-40564
34714
-29160
49378
-44688
-10238
-11703
-21664
-20961
-7821
-21270
-38819
7728
-38678
26
-7769
26991
-9004
-10875
-16230
36708
27929
-49993
-49331
-28366
15394
-16577
48680
33563
-30809
32297
-19174
-46096
-46864
18030
-40784
-7102
-5847
-12448
21937
36333
-45892
33119
31887
3257
-16856
11944
-19752
-38034
-11105
-48156
48675
-33177
-48149
-12830
26284
17245
20593
-37211
38635
-22390
45087
7287
-18486
48223
-24684
-9269
28948
19470
-33891
884
43629
-29782
21829
-36659
23475
-7201
25285
-8451
4766
-35821
-6606
41267
18830
-4755
-21564
32940
317
-13144
45730
26778
14466
-21358
-15936
45981
14691
9380
24538
-6362
-21151
-21527
-17651
10304
36518
-7996
23645
9993
34804
36756
-10632
27396
-49065
-29412
18662
-42409
-46340
47098
40531
3977
-16047
-25914
-19246
48420
40555
14818
-17774
5246
12024
-43237
48884
-21300
-14764
19059
39004
-28246
-38937
-49525
-30427
45867
37231
46768
-38912
-24008
-32644
29750
21410
-28984
26847
49768
-37181
-39200
-26147
-6427
-2954
2235
-3783
29272
-42520
-3933
-26139
-5810
24767
9097
-36751
-48403
-31323
12139
-47928
26077
45832
-22871
22845
-43081
40949
40201
36669
12358
-957
13515
12125
11862
-37859
-26195
-6739
47014
26040
-22696
26285
-28654
23371
-49855
15536
35965
47070
-33389
37562
-34254
28750
-22540
41824
24581
42416
-47506
-30674
33364
-19479
-44006
-4278
29564
-42664
-4327
29252
7304
-42696
10339
4318
33344
37643
-19398
-7484
48840
-19252
-41948
34804
15644
12490
-39809
31390
29067
-12349
-38961
41474
-19933
-36467
-39200
1257
-5946
4621
-15195
11444
11957
30479
-9305
-30739
37783
-11140
23579
-41047
-23498
-7993
1469
-24658
-39419
47348
-2028
26225
9838
8164
45442
26731
45815
-43520
18204
13708
-29986
29004
2792
-48106
-16375
37597
13339
-16592
18075
-8140
40496
43685
30721
14074
-47363
-4951
-43919
41933
-41783
4489
39281
6190
-19286
36945
-35647
-23845
13675
-2006
20462
-18122
-471
-21698
-1291
-47680
-19803
-29840
39917
-18638
41395
45819
-38952
31891
39503
-20405
-4036
-20034
24645
39872
-28102
-29312
32188
-38822
26878
-37099
-14051
-20943
26883
49624
27052
-2656
19329
14407
25647
5864
16727
-6330
-36150
44470
25032
-44756
-21886
-26094
37135
-32384
3502
20926
35409
-21854
48624
-42693
-1166
30811
6312
13539
-18462
42262
42596
-41580
-20289
-42527
43592
49040
-40294
19238
42730
26433
-37093
-43421
-41271
-24235
-38176
-13157
-329
-13215
42287
-46828
-4463
27695
19145
-5839
-27172
5806
12798
29141
7171
44337
-40772
-234
-9417
-11061
45067
-15826
25806
-45228
-8762
18535
-30968
41972
25115
15588
-32264
-25235
-47570
-44766
49377
-17457
-3767
-5086
-39762
3205
-23099
20893
-3163
39699
33
-45993
-28139
47088
41600
12445
23854
36666
46619
-341
-20735
25684
6020
-1703
17655
-18866
-36116
-26782
43726
4141
-21548
-19071
36685
-37489
25843
-15251
-46458
-47257
-6532
379
-19732
-18672
4386
2130
-21585
33813
-35426
-47732
-41696
-981
1927
-12431
-25298
-42053
-26308
42358
26908
25403
3402
-41540
17371
31854
-10611
41882
-17809
3058
-23370
-14266
43628
20098
36113
-26105
-48575
28326
26025
17668
12138
-21575
19936
20442
27445
9690
-4162
-10027
-44537
19530
20157
-29803
32760
-26442
-21343
130
-44589
-44128
-7989
25430
46757
-43533
-38837
40384
-35609
-14898
-35721
3644
1254
-21870
-28689
1218
6556
-20927
9487
21827
-23411
-44676
-38201
-17948
-37320
31957
2250
-16734
-6659
-31267
33396
-1247
12433
13233
12009
9189
19700
-39002
-427
-28082
33927
-48322
25562
-14819
-20192
-15301
-25775
-25810
13772
33712
-16157
40362
39036
33470
10240
-10457
-46748
316
22809
-3407
19050
44032
-16828
19309
7264
45181
-21503
14791
-5995
28070
36709
-22068
-32426
-49904
-49061
35210
-15205
-24836
-40601
-13607
-41124
31070
14581
-14262
14539
-25179
-36893
-44383
-37037
35917
2210
32013
-32226
35383
39148
25038
-31611
-32355
27655
12395
-16459
14363
-21847
1116
14459
-20908
-13675
-12920
42083
33551
-38700
-49042
-47554
25881
24524
16985
-11472
37631
-39572
1492
-38627
12639
21331
-20853
35848
10479
-7988
-7937
-34050
-30334
-45543
-509
34030
20437
-11567
36315
49529
24758
11222
-20562
46136
22522
-19604
48582
36229
-7254
-46607
12584
-19623
-36179
1902
29577
-35714
11059
-41276
-49867
9364
736
-7803
25314
20402
34481
-25195
42258
42745
13238
-33601
-19901
25823
-34553
9537
-40216
37969
39934
-3808
-37977
-17321
-415
24607
-49118
-48767
14335
30460
3346
-24606
-22990
41307
34758
27746
21330
10072
35974
43637
-27297
-33942
36381
-26233
-17543
-33520
-12584
-2096
26017
-2800
23699
-46224
-18781
-26452
24283
30804
48156
25165
-30137
12490
43451
-38964
-24290
-29540
-47658
-39532
-13968
23672
20540
-27994
17308
-18931
-11936
3689
4836
-41653
20169
-19921
44078
34012
27279
-44398
37789
-41503
-20850
12071
-22872
15132
25062
34818
15449
18513
45854
41159
-23201
-13978
-48374
12832
-40307
-40008
34838
-35172
-8939
10728
18517
-16276
-43099
26512
13803
-11195
10523
28908
-5593
36138
-24768
-38617
36035
40187
26516
11097
-37170
-8036
17436
-3489
20949
44235
32533
22576
7066
-19947
-29606
29730
-5119
11456
28284
-36603
-16994
-26989
-22265
-15365
11816
-23916
1369
-5951
49
-35573
5433
-13917
-45387
-18052
47180
5271
-38262
14615
-48219
32687
8850
-27860
5262
3742
2193
-36517
-16528
47074
24939
-38245
-1703
-4229
-15233
26032
-31768
-15591
-10057
19601
28459
39992
34029
-16109
-23926
-23532
-46335
11081
-30435
-34597
-24305
-28654
48090
-27629
31314
41179
-36060
-16494
-45339
35239
-19420
-32574
-15180
28877
-48977
19587
42736
-30745
-8177
20505
-23318
-29719
10496
-39290
41999
36570
25006
45664
35477
44571
-38934
-38828
3744
-3018
21370
-14943
-11840
-26864
-43611
30648
-41626
24796
48074
-6805
3673
49097
608
34235
6178
42431
4739
32861
538
3061
-18603
-7464
-10370
-43598
-11801
-24893
-11200
-735
24106
-19630
46248
33302
-46747
22234
-5735
-2531
2882
2639
-27735
38782
45834
-36236
37879
34269
47999
-5944
26699
40564
14743
15064
-6376
46141
-42401
-28920
-9631
33626
34014
-33005
-17110
45946
-2635
16964
-32926
38445
27025
11339
-14086
-20094
-36023
8179
-31313
-2362
-40231
-5608
-18094
-42233
-23725
-3569
-13843
41018
-38506
-32393
37158
6921
-11313
15354
-9454
10528
32349
-38738
6473
17541
-33947
23547
5985
43078
22712
-20275
10810
-25484
-24270
-32677
22154
-14501
49543
-8114
31093
-24183
-23857
-32751
4661
25465
-15144
29646
20212
-38630
-5001
-39243
-40276
-22653
9846
16197
44888
25899
27571
38700
-43198
282
-31576
17612
24798
-5845
-27238
34778
-32520
-27696
14490
48574
-1879
-21540
3649
-47219
-8249
-23668
-29747
-38038
25529
15252
10546
35253
42600
-29609
1449
-24687
-15883
16846
-35988
-9081
4955
-17563
-3642
-20248
-35582
19120
2357
19725
41424
4673
18298
-10456
-29041
9774
30152
12710
36106
-49595
-37502
11634
-46517
23044
34713
46083
-18738
-13839
9223
15379
-9166
23235
-43703
45789
-6502
2655
13367
45743
9601
3550
15468
1024
-41777
21592
40568
-20818
-18635
-41454
-20281
5297
-3222
-7783
4757
261
3088
-10531
34171
34350
-36543
-6607
-272
4291
4454
43852
37906
47953
34334
1272
-18479
-6066
-45178
-15185
44959
-36955
-43593
-26648
30054
25599
19725
-40228
18723
4329
39817
-26521
-45410
-7096
-49225
-23413
-22747
-35768
-42194
-35193
-43651
12260
-3515
44255
48039
-19182
-4474
17387
-37421
348
-47799
-4636
-48781
-3565
-43458
-30900
-27966
26268
16699
40757
-19404
6515
2062
23013
49419
2837
49600
14498
-45105
-4768
29305
-38756
-4681
-24210
-44502
-6643
44435
38852
-1430
-5160
27026
772
40204
28246
47207
-15427
47346
-30760
-39160
14044
-2177
29263
8386
49886
40103
7804
40549
-22472
-27698
45445
22761
-10567
-43312
-31921
-46951
14
49263
47485
-11135
-2167
30151
-34110
48605
20355
-18038
-16363
-45073
17134
40705
3594
19005
-11473
20683
-22610
26239
10785
-26980
16788
38314
33149
-49942
11074
-27418
-5427
-33021
-24369
44587
-33759
10942
21278
14074
-8907
37169
-49496
-726
6957
-15858
42028
-25909
-25154
33448
-19078
-48801
41957
8312
-34735
2742
-30842
-30121
-8945
-47693
-30063
-10045
12716
14510
6934
-23827
46924
-38999
-25058
18201
-37098
-46139
43196
-36594
3135
153
35375
32989
-37930
-1953
-45738
30819
37074
46219
-10870
-47662
-1040
46115
-27783
-22159
48422
29981
-44378
48964
32317
-49618
-24863
29240
-38616
79
-2559
-25714
3940
-9364
25519
-5099
-21385
48721
15716
28512
-3233
19978
9330
21667
-45978
-13714
24005
2983
-17599
-15952
-31350
18649
1855
-25727
17613
-15828
12482
42750
-36589
23866
-7172
48679
-14022
-15406
27142
-38503
29495
-44244
-39783
-4790
-27905
44811
3014
31425
16478
7036
-32289
28309
-2155
37939
184
16496
6587
-47962
-21405
-25801
24037
41077
-33052
-24725
-47231
47603
-26047
-11253
-17804
-48906
38071
-483
-5322
48288
44727
-45401
-19075
-2260
36024
-14771
-7397
-8439
1364
40448
-20501
-48453
44770
36087
-8587
11191
-39715
3276
2268
15061
28551
42864
12663
-47496
-18390
-17314
-8575
-30319
32203
-26071
5795
-35244
-21472
-25454
-49678
2379
9775
-7075
43940
-1034
-16627
-26561
38340
15969
-40475
-20248
-22840
7637
33029
-32746
-27303
49406
-39883
-26813
-10264
-8273
5873
-31012
11408
-11925
-7083
5030
40658
-40728
29576
40981
11651
27178
-16095
43417
-23857
-44896
-33145
-35518
21074
14207
32062
48234
9671
-47084
-34513
-29806
-47679
-24396
-6619
-7942
-44843
-12920
11046
-45608
-37018
-8211
9422
-46361
1061
26824
44620
538
4001
-21475
-6045
30144
-16371
48637
-17547
-7471
-49330
-35486
-9238
10341
-32570
44076
-31639
-30249
7506
11743
49636
12664
48823
10681
17056
-38196
-47530
14304
3271
41358
-8873
-2110
-8104
-17045
-35759
-26323
-36902
35698
10140
-4449
-21774
10810
47892
-43185
8977
-34679
-11283
27339
22900
46224
26908
22535
46714
25730
21043
-48405
-24639
-38661
15899
-33542
-47304
-5148
14348
32419
27807
28590
-6078
-21268
14287
-45938
-37891
-19661
-47302
-2172
24981
11676
13149
-36302
26841
23875
-40079
3748
34237
-43366
17304
43106
-41771
-19509
-45556
-38046
-3051
-42860
44633
-876
-22614
-39734
-22287
21308
-11002
-20174
25370
38934
47992
-34105
-13239
22973
27571
-12263
36671
42238
-38389
-15582
-4015
-16326
28879
1115
-23221
37108
31607
-18777
-13112
16382
26191
19347
-34495
-8597
29613
31045
-37290
-31390
-1303
-24093
-4629
-3311
-8198
32132
7488
7199
-30132
-5842
-564
19307
-33598
-16753
-9193
45281
-27812
17587
-29786
-46206
-13364
7102
-41997
653
-23552
-26492
42056
-6112
-7620
-45234
12498
41077
18500
-42132
-12235
-1872
-22173
45253
-44674
-2305
27237
42589
4828
43639
13662
45636
-23255
35850
-48952
-3041
-22529
-12316
-8113
-14526
38338
-43838
46809
-31781
50
-10812
-27015
-37453
-19735
-20689
8243
-44144
27439
36070
-11064
32765
21591
3999
-36821
14246
-2362
-35333
9881
24383
-49483
10929
9169
15815
-13561
-48945
-10885
12603
-42783
-14077
30823
7267
-37062
-8366
-42359
31030
20946
-46290
36886
-1616
-22394
13648
18976
49197
-32353
32155
-48732
-46889
46823
11149
-34680
-14834
9904
24489
-11193
46344
25545
27922
46773
-29412
1671
27595
27856
14609
7056
-26677
-4362
-21999
-22967
20351
-35789
4639
-16002
33187
41662
39472
-46832
42931
42583
-12183
4079
-42097
-39191
1810
-29782
-384
35980
45763
-22463
32752
-33649
29208
48174
-17967
31644
5229
5356
-22719
33230
32389
-14542
-14733
-12973
19457
-31546
16515
46755
9449
9445
39338
47266
1351
47241
-4099
-46840
-32542
45517
39140
1048
-26947
-40283
-44775
-9913
-42110
25085
-28270
13119
-19560
36839
34175
655
-27704
-30558
