6221  7993
-477  9793
-262  9059
8441  8779
7855  8664
5280  7707
-4962  6503
7923  8424
978  2890
8736  8879
-8764  8587
1072  3382
6875  9086
-2827  5736
4304  7143
-9116  -6045
7134  8429
3680  9787
-514  4252
950  5059
-2259  -2200
-319  3672
-7795  -7334
1169  7948
-7236  -5406
-9047  -5203
-9624  -5420
4368  6987
2405  8318
340  1434
-463  3212
-9048  5775
-927  2521
7263  8106
474  8629
7062  7099
-8117  -3526
4714  7943
8067  9983
-9009  1682
-6772  -3935
5994  7202
7690  8355
-1704  4470
5624  7474
-5757  -4509
7302  7596
5551  7828
-6451  9478
2374  4367
-1533  1298
5958  7645
-6380  1160
8159  9006
-6006  -3115
-41  5124
-1464  -425
8268  8326
-9965  -2657
-6239  -3514
2641  7637
-9182  3570
3200  9743
-6243  -3856
6624  8869
4492  6803
3008  3726
9161  9203
-5160  -4604
-7965  831
-6091  2658
-6502  -2716
7947  8693
-3888  3241
5771  6972
7361  7641
7877  8715
-485  9751
-8011  1311
5267  8959
6845  9538
-6298  -2001
-2351  4285
201  9929
-2378  5630
-4955  3053
-2050  8169
1418  7089
7751  9856
-2401  2237
-2598  3051
-626  9717
580  8470
-2483  9018
5882  6916
1181  6645
-6295  3532
-3701  -3695
-4814  8914
-6157  -3431
2456  2550
-1940  278
-1406  6638
3744  7893
-9273  5345
-6414  7427
3745  4170
-9152  -9079
9292  9653
6894  9518
8592  8933
1620  6939
399  5261
7371  8034
-8141  -347
5835  8805
7544  8410
-7839  3731
-2908  6810
6203  8459
-9031  -2815
-6611  787
-6089  -3272
-7242  9419
-9956  -954
-7904  9695
5168  7375
-5348  -4153
9076  9520
-1408  -793
679  8296
-7310  -494
5762  7432
-8199  9349
-5523  1352
8114  8129
-4767  -830
-2399  -2265
-539  3687
6068  6214
-8827  2655
1862  7305
9321  9458
-652  1771
-4022  6585
-3229  1711
-192  1573
-1400  108
-8246  1404
2144  7723
2125  6679
-7160  -2241
1760  8594
223  402
-1758  -1352
726  5124
-1825  7022
-523  3348
-3458  6118
3333  9487
-9514  2238
-823  -725
-9273  8082
9585  9774
1898  3746
6155  6260
-8014  1820
-8620  1087
3156  3640
-7592  -1516
-8386  1531
4535  5488
-6838  1831
-8994  9085
278  9255
-7776  -1831
-4395  8133
-5221  4476
2899  4625
2535  6380
6092  8999
2540  9295
1404  9274
-7014  -6291
2965  5710
3400  4700
-7752  8986
1810  4177
9387  9799
5114  8384
4597  8228
-5851  -1136
6182  7759
255  7490
7013  8041
-8682  7577
8921  9585
8624  9377
5220  7250
-7674  2633
724  7073
3926  7296
1101  5823
8382  9894
-7728  7470
-2407  7909
8275  9318
-5489  5588
-5609  -1176
-2743  2382
-8723  -641
-8051  9280
-3846  1383
7964  8890
-377  -344
-9280  -6587
9736  9861
3318  8464
-9619  -2232
-1235  6867
2635  6295
-3037  9737
1821  8239
-914  6332
-39  3990
-4943  4778
-1361  -613
8878  9843
1299  5065
-6392  -2312
-9149  6291
-5012  5278
-3584  6779
5144  5870
-8834  -1271
6892  8502
-6014  7179
2153  8809
5329  5470
5741  8455
7582  8793
-6031  -5555
-2196  -1778
-5267  -1854
-6593  -3970
1187  9514
-9888  -1852
-1434  4959
-8078  4131
7047  7898
5059  7068
-5669  2609
-8487  965
8573  9931
7723  8731
-428  4878
5111  8040
-4756  -2968
-6172  2490
3179  8748
-519  1943
5215  8698
-5739  -5735
-6437  3563
4931  8287
6713  8283
-8012  7635
6476  7899
7528  9583
-2216  884
3082  9878
4274  8955
8339  9832
-7732  2467
-9343  8916
3124  3390
-6467  -1722
-6548  159
9561  9659
-8582  8340
1345  2495
1922  9469
9175  9726
-9445  9531
-2835  4277
9394  9845
-584  3620
5880  9044
-9374  -5190
3643  8935
7316  9982
5143  8239
5104  9127
2363  6774
-670  1145
2876  3593
1911  6033
7728  8527
-9365  763
8951  9438
343  4962
1768  3015
5732  8296
1234  4171
-484  4048
-4917  3327
1642  2236
1400  5022
-7460  1155
-1149  -312
-8737  7787
6265  6271
3965  4936
1701  5911
5996  6349
-3879  6634
2716  5613
-182  4452
2977  4879
2247  8130
-351  -122
6765  7608
-5003  5645
1757  4446
5647  7223
-3151  1457
-224  5834
3805  6691
-5452  8542
-7939  9954
-6402  6322
603  7393
3512  3729
-1519  4312
-4808  -358
6423  7555
-4500  4929
6132  9483
-4928  661
-803  -417
9659  9847
-4930  9807
-3398  1051
6897  9175
1822  9121
5414  7017
4582  8165
5454  5669
157  9299
-7977  -1190
-1617  -605
190  2607
9076  9713
5543  6194
-4628  -3145
6029  8399
-1773  -160
4465  8539
9974  9979
-301  1758
7761  8130
935  2806
4850  9568
-2124  8779
4044  9623
-5923  783
9509  9684
-6249  1691
1751  9557
172  6317
1474  4023
-4127  8361
-2700  4147
4530  6820
9141  9661
231  6096
6784  6848
2963  3647
1275  8693
-5919  -327
8181  9109
5186  9754
-133  6863
9993  10000
-4329  1694
-7540  1717
-6194  7143
6847  7786
2392  6294
-4179  2614
-6954  1014
2154  9064
-9063  -2511
5184  8159
-323  4053
-5029  7996
1144  6567
2987  3411
-3465  4045
-3652  -681
584  8707
-648  4565
-9139  1879
-783  3784
-4985  -4928
-1493  -263
8531  9876
1612  9259
-502  6289
-7158  7083
-219  4773
4473  7852
5413  9301
-624  3680
-5842  9914
4154  4490
1973  4898
2854  3402
-9135  254
-192  2948
-1729  5533
-8616  -6125
-3583  9351
3711  6207
-6488  2993
-7469  6690
1809  4934
-8342  -4721
1905  8723
-832  2102
4199  9575
8247  9665
7990  9349
-7275  871
-9388  -3815
-1543  1885
8290  9282
-6875  -3047
-3443  5647
-1937  8342
-9169  1084
803  7682
5039  9588
-6419  -1698
936  8408
448  7401
-2767  8257
5026  5397
-2764  7531
-2201  2795
4006  5271
-2107  -949
-183  9222
-5557  9474
5296  8643
3885  8056
-3180  1921
6208  6363
-5410  -3398
2523  4827
9980  9988
-5619  6020
-7174  -261
9877  9954
-9122  9916
-4649  9859
-2349  867
900  1670
-2017  5888
-8717  -2123
1569  7989
-6874  359
-6425  7954
-6033  9696
-7157  -5499
-2588  9256
622  8905
7476  8841
4920  7617
-2769  -2661
-4973  -593
4403  9494
-453  3047
7588  8596
-1914  375
-5471  3929
7759  9578
-8237  -1267
4430  5828
-501  1905
-338  863
-6185  9395
6145  9656
3733  7461
8644  9018
4305  7837
7267  9688
-2489  -663
-8549  4953
1785  5923
