-151  963
631  882
-738  246
546  821
893  925
-114  422
534  684
-576  -328
-358  899
-643  -634
-738  117
565  790
-328  952
-551  2
-311  540
160  502
-25  200
902  925
-137  419
570  944
340  949
-721  981
67  835
769  876
-40  78
331  373
-742  540
780  846
-684  707
555  558
764  862
657  812
-382  111
532  749
-880  339
794  806
113  502
891  972
891  940
446  913
-102  351
629  653
229  368
200  796
194  238
221  253
-418  804
-191  477
551  838
795  946
-2  454
-756  -724
-225  -184
848  981
350  891
72  164
627  998
-483  799
224  637
515  829
-973  264
-954  691
170  630
366  932
196  432
62  827
864  920
419  815
-2  28
-139  373
-884  897
267  706
305  351
-845  -437
58  924
-940  664
962  964
252  658
-482  670
-34  370
-107  -11
22  186
-551  298
-49  727
707  844
-91  382
-141  -5
123  721
518  900
-751  -369
-496  568
-225  761
530  990
-288  72
760  919
319  962
-180  132
-478  879
-663  223
-727  -216
